(kicad_pcb (version 20171130) (host pcbnew "(5.1.4)-1")

  (general
    (thickness 1.6)
    (drawings 13)
    (tracks 441)
    (zones 0)
    (modules 44)
    (nets 24)
  )

  (page A3)
  (layers
    (0 F.Cu signal)
    (31 B.Cu signal)
    (32 B.Adhes user)
    (33 F.Adhes user)
    (34 B.Paste user)
    (35 F.Paste user)
    (36 B.SilkS user)
    (37 F.SilkS user)
    (38 B.Mask user)
    (39 F.Mask user)
    (40 Dwgs.User user)
    (41 Cmts.User user)
    (42 Eco1.User user)
    (43 Eco2.User user hide)
    (44 Edge.Cuts user)
  )

  (setup
    (last_trace_width 0.4)
    (trace_clearance 0.3)
    (zone_clearance 0.508)
    (zone_45_only no)
    (trace_min 0.254)
    (via_size 1.4)
    (via_drill 0.7)
    (via_min_size 0.889)
    (via_min_drill 0.508)
    (uvia_size 0.508)
    (uvia_drill 0.127)
    (uvias_allowed no)
    (uvia_min_size 0.508)
    (uvia_min_drill 0.127)
    (edge_width 0.1)
    (segment_width 0.2)
    (pcb_text_width 0.3)
    (pcb_text_size 1.5 1.5)
    (mod_edge_width 0.15)
    (mod_text_size 1 1)
    (mod_text_width 0.15)
    (pad_size 1.524 1.524)
    (pad_drill 0)
    (pad_to_mask_clearance 0)
    (aux_axis_origin 0 0)
    (visible_elements 7FFFBFFF)
    (pcbplotparams
      (layerselection 0x01000_80000001)
      (usegerberextensions true)
      (usegerberattributes true)
      (usegerberadvancedattributes true)
      (creategerberjobfile true)
      (excludeedgelayer true)
      (linewidth 0.150000)
      (plotframeref false)
      (viasonmask false)
      (mode 1)
      (useauxorigin false)
      (hpglpennumber 1)
      (hpglpenspeed 20)
      (hpglpendiameter 15.000000)
      (psnegative false)
      (psa4output false)
      (plotreference true)
      (plotvalue true)
      (plotinvisibletext false)
      (padsonsilk false)
      (subtractmaskfromsilk false)
      (outputformat 1)
      (mirror false)
      (drillshape 0)
      (scaleselection 1)
      (outputdirectory "../Salama_gerberit/"))
  )

  (net 0 "")
  (net 1 "Net-(D1-Pad1)")
  (net 2 "Net-(D1-Pad2)")
  (net 3 "Net-(D10-Pad1)")
  (net 4 "Net-(D11-Pad1)")
  (net 5 "Net-(D12-Pad1)")
  (net 6 "Net-(D13-Pad1)")
  (net 7 "Net-(D14-Pad1)")
  (net 8 "Net-(D15-Pad1)")
  (net 9 "Net-(D16-Pad1)")
  (net 10 "Net-(D10-Pad2)")
  (net 11 "Net-(D17-Pad2)")
  (net 12 "Net-(D25-Pad2)")
  (net 13 "Net-(F1-Pad2)")
  (net 14 "Net-(IC1-Pad17)")
  (net 15 "Net-(IC1-Pad18)")
  (net 16 "Net-(IC1-Pad19)")
  (net 17 "Net-(IC1-Pad20)")
  (net 18 "Net-(IC1-Pad1)")
  (net 19 "Net-(IC1-Pad2)")
  (net 20 "Net-(IC1-Pad9)")
  (net 21 "Net-(IC1-Pad10)")
  (net 22 VCC)
  (net 23 GND)

  (net_class Default "This is the default net class."
    (clearance 0.3)
    (trace_width 0.4)
    (via_dia 1.4)
    (via_drill 0.7)
    (uvia_dia 0.508)
    (uvia_drill 0.127)
    (add_net GND)
    (add_net "Net-(D1-Pad1)")
    (add_net "Net-(D1-Pad2)")
    (add_net "Net-(D10-Pad1)")
    (add_net "Net-(D10-Pad2)")
    (add_net "Net-(D11-Pad1)")
    (add_net "Net-(D12-Pad1)")
    (add_net "Net-(D13-Pad1)")
    (add_net "Net-(D14-Pad1)")
    (add_net "Net-(D15-Pad1)")
    (add_net "Net-(D16-Pad1)")
    (add_net "Net-(D17-Pad2)")
    (add_net "Net-(D25-Pad2)")
    (add_net "Net-(F1-Pad2)")
    (add_net "Net-(IC1-Pad1)")
    (add_net "Net-(IC1-Pad10)")
    (add_net "Net-(IC1-Pad17)")
    (add_net "Net-(IC1-Pad18)")
    (add_net "Net-(IC1-Pad19)")
    (add_net "Net-(IC1-Pad2)")
    (add_net "Net-(IC1-Pad20)")
    (add_net "Net-(IC1-Pad9)")
    (add_net VCC)
  )

  (net_class joo ""
    (clearance 0.3)
    (trace_width 0.4)
    (via_dia 1.4)
    (via_drill 0.7)
    (uvia_dia 0.508)
    (uvia_drill 0.127)
  )

  (module uusi_possu:Ohjelmointiliitin (layer F.Cu) (tedit 546A10C7) (tstamp 5F907306)
    (at 117.348 112.776 270)
    (descr ohjelmointiliitin)
    (tags "CONN DEV")
    (path /546A0812)
    (fp_text reference P1 (at 0 -2.159 90) (layer F.SilkS)
      (effects (font (size 1.016 1.016) (thickness 0.2032)))
    )
    (fp_text value CONN_6 (at 0 2.159 90) (layer F.SilkS) hide
      (effects (font (size 1.016 0.889) (thickness 0.2032)))
    )
    (fp_line (start -7.62 1.27) (end -7.62 -1.27) (layer F.SilkS) (width 0.3048))
    (fp_line (start -7.62 -1.27) (end 7.62 -1.27) (layer F.SilkS) (width 0.3048))
    (fp_line (start 7.62 -1.27) (end 7.62 1.27) (layer F.SilkS) (width 0.3048))
    (fp_line (start 7.62 1.27) (end -7.62 1.27) (layer F.SilkS) (width 0.3048))
    (fp_line (start -5.08 1.27) (end -5.08 -1.27) (layer F.SilkS) (width 0.3048))
    (pad 6 smd rect (at 6.35 0 270) (size 1.524 1.524) (layers F.Cu F.Paste F.Mask)
      (net 21 "Net-(IC1-Pad10)"))
    (pad 5 smd rect (at 3.81 0 270) (size 1.524 1.524) (layers F.Cu F.Paste F.Mask)
      (net 23 GND))
    (pad 4 smd rect (at 1.27 0 270) (size 1.524 1.524) (layers F.Cu F.Paste F.Mask)
      (net 22 VCC))
    (pad 3 smd rect (at -1.27 0 270) (size 1.524 1.524) (layers F.Cu F.Paste F.Mask)
      (net 9 "Net-(D16-Pad1)"))
    (pad 2 smd rect (at -3.81 0 270) (size 1.524 1.524) (layers F.Cu F.Paste F.Mask)
      (net 19 "Net-(IC1-Pad2)"))
    (pad 1 smd rect (at -6.35 0 270) (size 1.524 1.524) (layers F.Cu F.Paste F.Mask)
      (net 18 "Net-(IC1-Pad1)"))
    (model pin_array/pins_array_6x1.wrl
      (at (xyz 0 0 0))
      (scale (xyz 1 1 1))
      (rotate (xyz 0 0 0))
    )
  )

  (module optiem:optiem_logo2 (layer F.Cu) (tedit 0) (tstamp 5FC29BC4)
    (at 140.208 97.536)
    (fp_text reference G*** (at 0 0) (layer F.SilkS) hide
      (effects (font (size 1.524 1.524) (thickness 0.3)))
    )
    (fp_text value LOGO (at 0.75 0) (layer F.SilkS) hide
      (effects (font (size 1.524 1.524) (thickness 0.3)))
    )
    (fp_poly (pts (xy 5.328876 -35.889654) (xy 10.478547 -35.177421) (xy 15.413955 -34.019677) (xy 20.100041 -32.440401)
      (xy 24.501745 -30.463577) (xy 28.584009 -28.113184) (xy 32.311774 -25.413205) (xy 35.649981 -22.387619)
      (xy 38.56357 -19.060409) (xy 41.017483 -15.455556) (xy 42.97666 -11.59704) (xy 44.406043 -7.508844)
      (xy 44.904994 -5.416341) (xy 45.226648 -2.990393) (xy 45.326027 -0.195022) (xy 45.212673 2.700094)
      (xy 44.896128 5.425275) (xy 44.447932 7.500886) (xy 42.941618 11.67733) (xy 40.892016 15.618102)
      (xy 38.334207 19.296599) (xy 35.30327 22.686215) (xy 31.834286 25.760347) (xy 27.962335 28.492391)
      (xy 23.722497 30.855742) (xy 19.149852 32.823796) (xy 14.279482 34.369949) (xy 9.146465 35.467596)
      (xy 7.193466 35.753983) (xy 5.446157 35.916165) (xy 3.277314 36.021831) (xy 0.861932 36.071173)
      (xy -1.624996 36.064381) (xy -4.008475 36.001647) (xy -6.113512 35.88316) (xy -7.559523 35.737908)
      (xy -12.584416 34.808367) (xy -17.486817 33.391407) (xy -22.191604 31.52491) (xy -26.623653 29.246756)
      (xy -30.707843 26.594825) (xy -34.369049 23.606998) (xy -37.069289 20.857791) (xy -39.836625 17.328075)
      (xy -42.047894 13.632198) (xy -43.74741 9.68994) (xy -44.447931 7.500886) (xy -44.938366 5.156851)
      (xy -45.234157 2.401339) (xy -45.310752 -0.021251) (xy -42.461947 -0.021251) (xy -42.461613 0.178873)
      (xy -42.450013 2.217039) (xy -42.408908 3.724749) (xy -42.315996 4.886988) (xy -42.148974 5.888744)
      (xy -41.885537 6.915001) (xy -41.503384 8.150746) (xy -41.498706 8.165353) (xy -39.9086 12.136588)
      (xy -37.777145 15.868642) (xy -35.140722 19.333844) (xy -32.035714 22.504525) (xy -28.498504 25.353017)
      (xy -24.565475 27.851648) (xy -20.273009 29.972751) (xy -15.65749 31.688654) (xy -10.7553 32.971689)
      (xy -8.276494 33.431255) (xy -5.993796 33.703575) (xy -3.30419 33.870963) (xy -0.399003 33.933293)
      (xy 2.530434 33.890444) (xy 5.292793 33.74229) (xy 7.696746 33.488707) (xy 8.01302 33.441814)
      (xy 12.307652 32.624063) (xy 16.218286 31.537983) (xy 19.941296 30.116374) (xy 23.673062 28.292036)
      (xy 24.674975 27.740079) (xy 28.792537 25.11514) (xy 32.424365 22.155047) (xy 35.55276 18.880396)
      (xy 38.160021 15.31178) (xy 40.228447 11.469795) (xy 41.498707 8.165353) (xy 41.882212 6.926457)
      (xy 42.146769 5.898973) (xy 42.31468 4.897915) (xy 42.408248 3.738297) (xy 42.449776 2.235133)
      (xy 42.461569 0.203437) (xy 42.461614 0.178873) (xy 42.458008 -1.85037) (xy 42.424043 -3.347711)
      (xy 42.337802 -4.496674) (xy 42.177366 -5.480782) (xy 41.920816 -6.483555) (xy 41.546234 -7.688517)
      (xy 41.507776 -7.807607) (xy 39.866844 -11.886512) (xy 37.674641 -15.698706) (xy 34.947117 -19.225641)
      (xy 31.700222 -22.44877) (xy 27.949906 -25.349545) (xy 24.674975 -27.382333) (xy 19.85357 -29.77561)
      (xy 14.920783 -31.574831) (xy 9.795087 -32.800634) (xy 4.394956 -33.473653) (xy 0 -33.628169)
      (xy -5.666908 -33.366599) (xy -10.996626 -32.568131) (xy -16.070681 -31.212128) (xy -20.970598 -29.277955)
      (xy -24.674975 -27.382333) (xy -28.808043 -24.746699) (xy -32.450169 -21.7742) (xy -35.585404 -18.483382)
      (xy -38.197797 -14.892793) (xy -40.271398 -11.020983) (xy -41.507775 -7.807607) (xy -41.893537 -6.576673)
      (xy -42.159381 -5.563719) (xy -42.327226 -4.585222) (xy -42.41899 -3.45766) (xy -42.45659 -1.99751)
      (xy -42.461947 -0.021251) (xy -45.310752 -0.021251) (xy -45.325762 -0.49597) (xy -45.203638 -3.265398)
      (xy -44.904994 -5.416341) (xy -43.74968 -9.608936) (xy -42.047288 -13.583672) (xy -39.832879 -17.316568)
      (xy -37.14151 -20.783642) (xy -34.008242 -23.960913) (xy -30.468132 -26.8244) (xy -26.55624 -29.350122)
      (xy -22.307625 -31.514098) (xy -17.757347 -33.292346) (xy -12.940463 -34.660886) (xy -7.892033 -35.595735)
      (xy -2.647117 -36.072914) (xy 0 -36.132394) (xy 5.328876 -35.889654)) (layer Eco2.User) (width 0.01))
  )

  (module Capacitor_Tantalum_SMD:CP_EIA-6032-15_Kemet-U_Pad2.25x2.35mm_HandSolder (layer F.Cu) (tedit 5EBA9318) (tstamp 5F906500)
    (at 145.542 120.142 180)
    (descr "Tantalum Capacitor SMD Kemet-U (6032-15 Metric), IPC_7351 nominal, (Body size from: http://www.kemet.com/Lists/ProductCatalog/Attachments/253/KEM_TC101_STD.pdf), generated with kicad-footprint-generator")
    (tags "capacitor tantalum")
    (path /5460D4EF)
    (attr smd)
    (fp_text reference C1 (at 0 -2.55) (layer F.SilkS)
      (effects (font (size 1 1) (thickness 0.15)))
    )
    (fp_text value CP1 (at 0 2.55) (layer F.Fab)
      (effects (font (size 1 1) (thickness 0.15)))
    )
    (fp_line (start 3.92 1.85) (end -3.92 1.85) (layer F.CrtYd) (width 0.05))
    (fp_line (start 3.92 -1.85) (end 3.92 1.85) (layer F.CrtYd) (width 0.05))
    (fp_line (start -3.92 -1.85) (end 3.92 -1.85) (layer F.CrtYd) (width 0.05))
    (fp_line (start -3.92 1.85) (end -3.92 -1.85) (layer F.CrtYd) (width 0.05))
    (fp_line (start -3.935 1.71) (end 3 1.71) (layer F.SilkS) (width 0.12))
    (fp_line (start -3.935 -1.71) (end -3.935 1.71) (layer F.SilkS) (width 0.12))
    (fp_line (start 3 -1.71) (end -3.935 -1.71) (layer F.SilkS) (width 0.12))
    (fp_line (start 3 1.6) (end 3 -1.6) (layer F.Fab) (width 0.1))
    (fp_line (start -3 1.6) (end 3 1.6) (layer F.Fab) (width 0.1))
    (fp_line (start -3 -0.8) (end -3 1.6) (layer F.Fab) (width 0.1))
    (fp_line (start -2.2 -1.6) (end -3 -0.8) (layer F.Fab) (width 0.1))
    (fp_line (start 3 -1.6) (end -2.2 -1.6) (layer F.Fab) (width 0.1))
    (fp_text user %R (at 0 0) (layer F.Fab)
      (effects (font (size 1 1) (thickness 0.15)))
    )
    (pad 1 smd roundrect (at -2.55 0 180) (size 2.25 2.35) (layers F.Cu F.Paste F.Mask) (roundrect_rratio 0.111111)
      (net 22 VCC))
    (pad 2 smd roundrect (at 2.55 0 180) (size 2.25 2.35) (layers F.Cu F.Paste F.Mask) (roundrect_rratio 0.111111)
      (net 23 GND))
    (model ${KISYS3DMOD}/Capacitor_Tantalum_SMD.3dshapes/CP_EIA-6032-15_Kemet-U.wrl
      (at (xyz 0 0 0))
      (scale (xyz 1 1 1))
      (rotate (xyz 0 0 0))
    )
  )

  (module LED_THT:LED_D3.0mm (layer B.Cu) (tedit 587A3A7B) (tstamp 5FB40054)
    (at 118.872 96.012 180)
    (descr "LED, diameter 3.0mm, 2 pins")
    (tags "LED diameter 3.0mm 2 pins")
    (path /545FB6E5)
    (fp_text reference D17 (at 1.27 2.96) (layer B.SilkS)
      (effects (font (size 1 1) (thickness 0.15)) (justify mirror))
    )
    (fp_text value LED (at 1.27 -2.96) (layer B.Fab)
      (effects (font (size 1 1) (thickness 0.15)) (justify mirror))
    )
    (fp_circle (center 1.27 0) (end 2.77 0) (layer B.Fab) (width 0.1))
    (fp_line (start -0.23 1.16619) (end -0.23 -1.16619) (layer B.Fab) (width 0.1))
    (fp_line (start -0.29 1.236) (end -0.29 1.08) (layer B.SilkS) (width 0.12))
    (fp_line (start -0.29 -1.08) (end -0.29 -1.236) (layer B.SilkS) (width 0.12))
    (fp_line (start -1.15 2.25) (end -1.15 -2.25) (layer B.CrtYd) (width 0.05))
    (fp_line (start -1.15 -2.25) (end 3.7 -2.25) (layer B.CrtYd) (width 0.05))
    (fp_line (start 3.7 -2.25) (end 3.7 2.25) (layer B.CrtYd) (width 0.05))
    (fp_line (start 3.7 2.25) (end -1.15 2.25) (layer B.CrtYd) (width 0.05))
    (fp_arc (start 1.27 0) (end 0.229039 -1.08) (angle 87.9) (layer B.SilkS) (width 0.12))
    (fp_arc (start 1.27 0) (end 0.229039 1.08) (angle -87.9) (layer B.SilkS) (width 0.12))
    (fp_arc (start 1.27 0) (end -0.29 -1.235516) (angle 108.8) (layer B.SilkS) (width 0.12))
    (fp_arc (start 1.27 0) (end -0.29 1.235516) (angle -108.8) (layer B.SilkS) (width 0.12))
    (fp_arc (start 1.27 0) (end -0.23 1.16619) (angle -284.3) (layer B.Fab) (width 0.1))
    (pad 2 thru_hole circle (at 2.54 0 180) (size 1.8 1.8) (drill 0.9) (layers *.Cu *.Mask)
      (net 11 "Net-(D17-Pad2)"))
    (pad 1 thru_hole rect (at 0 0 180) (size 1.8 1.8) (drill 0.9) (layers *.Cu *.Mask)
      (net 1 "Net-(D1-Pad1)"))
    (model ${KISYS3DMOD}/LED_THT.3dshapes/LED_D3.0mm.wrl
      (at (xyz 0 0 0))
      (scale (xyz 1 1 1))
      (rotate (xyz 0 0 0))
    )
  )

  (module uusi_possu:SO-20_12.8x7.5mm_P1.27mm_extended (layer F.Cu) (tedit 5F92879C) (tstamp 5F92EC6E)
    (at 126.238 115.824)
    (descr "SO-20, 12.8x7.5mm, https://www.nxp.com/docs/en/data-sheet/SA605.pdf")
    (tags "S0-20 ")
    (path /545FB5CE)
    (attr smd)
    (fp_text reference IC1 (at -3.69 -7.42 180) (layer F.SilkS)
      (effects (font (size 1 1) (thickness 0.15)))
    )
    (fp_text value ATTINY861-S (at 0 7.99 180) (layer F.Fab)
      (effects (font (size 1 1) (thickness 0.15)))
    )
    (fp_line (start -5.7 6.7) (end -5.7 -6.7) (layer F.CrtYd) (width 0.05))
    (fp_line (start 5.7 6.7) (end -5.7 6.7) (layer F.CrtYd) (width 0.05))
    (fp_line (start 5.7 -6.7) (end 5.7 6.7) (layer F.CrtYd) (width 0.05))
    (fp_line (start -5.7 -6.7) (end 5.7 -6.7) (layer F.CrtYd) (width 0.05))
    (fp_line (start -5 -6.53) (end 0 -6.53) (layer F.SilkS) (width 0.12))
    (fp_line (start -3 6.53) (end 3 6.53) (layer F.SilkS) (width 0.12))
    (fp_line (start -2.2 -5.4) (end -1.2 -6.4) (layer F.Fab) (width 0.1))
    (fp_line (start -2.2 6.4) (end -2.2 -5.4) (layer F.Fab) (width 0.1))
    (fp_line (start 2.2 6.4) (end -2.2 6.4) (layer F.Fab) (width 0.1))
    (fp_line (start 2.2 -6.4) (end 2.2 6.4) (layer F.Fab) (width 0.1))
    (fp_line (start -1.2 -6.4) (end 2.2 -6.4) (layer F.Fab) (width 0.1))
    (fp_text user %R (at 0 0 180) (layer F.Fab)
      (effects (font (size 1 1) (thickness 0.15)))
    )
    (pad 20 smd rect (at 4.875 -5.715) (size 1.75 0.6) (layers F.Cu F.Paste F.Mask)
      (net 17 "Net-(IC1-Pad20)"))
    (pad 19 smd rect (at 4.875 -4.445) (size 1.75 0.6) (layers F.Cu F.Paste F.Mask)
      (net 16 "Net-(IC1-Pad19)"))
    (pad 18 smd rect (at 4.875 -3.175) (size 1.75 0.6) (layers F.Cu F.Paste F.Mask)
      (net 15 "Net-(IC1-Pad18)"))
    (pad 17 smd rect (at 4.875 -1.905) (size 1.75 0.6) (layers F.Cu F.Paste F.Mask)
      (net 14 "Net-(IC1-Pad17)"))
    (pad 16 smd rect (at 4.875 -0.635) (size 1.75 0.6) (layers F.Cu F.Paste F.Mask)
      (net 23 GND))
    (pad 15 smd rect (at 4.875 0.635) (size 1.75 0.6) (layers F.Cu F.Paste F.Mask)
      (net 22 VCC))
    (pad 14 smd rect (at 4.875 1.905) (size 1.75 0.6) (layers F.Cu F.Paste F.Mask)
      (net 1 "Net-(D1-Pad1)"))
    (pad 13 smd rect (at 4.875 3.175) (size 1.75 0.6) (layers F.Cu F.Paste F.Mask)
      (net 3 "Net-(D10-Pad1)"))
    (pad 12 smd rect (at 4.875 4.445) (size 1.75 0.6) (layers F.Cu F.Paste F.Mask)
      (net 4 "Net-(D11-Pad1)"))
    (pad 11 smd rect (at 4.875 5.715) (size 1.75 0.6) (layers F.Cu F.Paste F.Mask)
      (net 5 "Net-(D12-Pad1)"))
    (pad 10 smd rect (at -4.875 5.715) (size 1.75 0.6) (layers F.Cu F.Paste F.Mask)
      (net 21 "Net-(IC1-Pad10)"))
    (pad 9 smd rect (at -4.875 4.445) (size 1.75 0.6) (layers F.Cu F.Paste F.Mask)
      (net 20 "Net-(IC1-Pad9)"))
    (pad 8 smd rect (at -4.875 3.175) (size 1.75 0.6) (layers F.Cu F.Paste F.Mask)
      (net 8 "Net-(D15-Pad1)"))
    (pad 7 smd rect (at -4.875 1.905) (size 1.75 0.6) (layers F.Cu F.Paste F.Mask)
      (net 7 "Net-(D14-Pad1)"))
    (pad 1 smd rect (at -4.875 -5.715) (size 1.75 0.6) (layers F.Cu F.Paste F.Mask)
      (net 18 "Net-(IC1-Pad1)"))
    (pad 2 smd rect (at -4.875 -4.445) (size 1.75 0.6) (layers F.Cu F.Paste F.Mask)
      (net 19 "Net-(IC1-Pad2)"))
    (pad 3 smd rect (at -4.875 -3.175) (size 1.75 0.6) (layers F.Cu F.Paste F.Mask)
      (net 9 "Net-(D16-Pad1)"))
    (pad 4 smd rect (at -4.875 -1.905) (size 1.75 0.6) (layers F.Cu F.Paste F.Mask)
      (net 6 "Net-(D13-Pad1)"))
    (pad 5 smd rect (at -4.875 -0.635) (size 1.75 0.6) (layers F.Cu F.Paste F.Mask)
      (net 22 VCC))
    (pad 6 smd rect (at -4.875 0.635) (size 1.75 0.6) (layers F.Cu F.Paste F.Mask)
      (net 23 GND))
    (model ${KISYS3DMOD}/Package_SO.3dshapes/SO-20_12.8x7.5mm_P1.27mm.wrl
      (at (xyz 0 0 0))
      (scale (xyz 1 1 1))
      (rotate (xyz 0 0 0))
    )
  )

  (module optiem:optiem_logo (layer F.Cu) (tedit 0) (tstamp 5FC29B95)
    (at 140.716 89.916)
    (fp_text reference G*** (at 0 0) (layer F.SilkS) hide
      (effects (font (size 1.524 1.524) (thickness 0.3)))
    )
    (fp_text value LOGO (at 0.75 0) (layer F.SilkS) hide
      (effects (font (size 1.524 1.524) (thickness 0.3)))
    )
    (fp_poly (pts (xy 3.338662 -17.333941) (xy 6.445719 -16.989591) (xy 9.427852 -16.429195) (xy 12.263121 -15.664717)
      (xy 14.929589 -14.708118) (xy 17.405318 -13.571361) (xy 19.668368 -12.266408) (xy 21.696803 -10.805222)
      (xy 23.468684 -9.199765) (xy 24.962073 -7.461999) (xy 26.155031 -5.603887) (xy 27.025622 -3.637391)
      (xy 27.333475 -2.616055) (xy 27.529264 -1.444339) (xy 27.589756 -0.094194) (xy 27.520757 1.304127)
      (xy 27.328078 2.620371) (xy 27.055263 3.622877) (xy 26.138376 5.640071) (xy 24.890793 7.543437)
      (xy 23.333865 9.320126) (xy 21.488947 10.957288) (xy 19.377391 12.442073) (xy 17.020552 13.761631)
      (xy 14.439781 14.903114) (xy 11.656432 15.85367) (xy 8.691858 16.600452) (xy 5.567414 17.130608)
      (xy 4.378631 17.268931) (xy 3.31444 17.347427) (xy 1.996776 17.398467) (xy 0.531122 17.422183)
      (xy -0.977041 17.418705) (xy -2.422227 17.388166) (xy -3.698956 17.330697) (xy -4.601449 17.257728)
      (xy -7.769336 16.781555) (xy -10.873767 16.053588) (xy -13.852099 15.094385) (xy -16.641688 13.924503)
      (xy -19.17989 12.5645) (xy -19.495963 12.369902) (xy -21.628938 10.868778) (xy -23.442563 9.24741)
      (xy -24.933724 7.52504) (xy -26.099304 5.720913) (xy -26.93619 3.854271) (xy -27.441266 1.944358)
      (xy -27.611416 0.010418) (xy -27.443528 -1.928306) (xy -26.934485 -3.852571) (xy -26.081171 -5.743133)
      (xy -24.880472 -7.58075) (xy -23.329274 -9.346176) (xy -23.054679 -9.614595) (xy -22.441141 -10.184633)
      (xy -21.852345 -10.701025) (xy -21.381457 -11.083211) (xy -21.23283 -11.189958) (xy -20.65479 -11.573465)
      (xy -15.250946 -7.650517) (xy -13.851903 -6.634353) (xy -12.395723 -5.57575) (xy -10.944565 -4.519963)
      (xy -9.56059 -3.512244) (xy -8.305959 -2.597849) (xy -7.242832 -1.822029) (xy -6.718116 -1.438499)
      (xy -3.58913 0.85057) (xy 7.362319 0.838037) (xy 18.313768 0.825503) (xy 8.834783 -0.096831)
      (xy 6.994364 -0.276152) (xy 5.256432 -0.445956) (xy 3.657004 -0.602691) (xy 2.232098 -0.742806)
      (xy 1.017732 -0.862749) (xy 0.049923 -0.958968) (xy -0.635311 -1.027913) (xy -1.001952 -1.066031)
      (xy -1.046175 -1.071147) (xy -1.268347 -1.211072) (xy -1.726784 -1.598493) (xy -2.41159 -2.223963)
      (xy -3.312868 -3.078031) (xy -4.420719 -4.15125) (xy -5.725247 -5.434171) (xy -7.216554 -6.917345)
      (xy -8.159495 -7.861905) (xy -9.643172 -9.353519) (xy -10.891959 -10.614009) (xy -11.924095 -11.663159)
      (xy -12.757821 -12.520752) (xy -13.411378 -13.206574) (xy -13.903005 -13.740407) (xy -14.250942 -14.142035)
      (xy -14.473431 -14.431243) (xy -14.58871 -14.627815) (xy -14.615021 -14.751534) (xy -14.574264 -14.819576)
      (xy -14.222355 -14.993621) (xy -13.584199 -15.228943) (xy -12.731181 -15.50493) (xy -11.734687 -15.800972)
      (xy -10.666101 -16.096459) (xy -9.59681 -16.370779) (xy -8.598199 -16.603323) (xy -7.914493 -16.742406)
      (xy -6.012351 -17.059239) (xy -4.216515 -17.273999) (xy -2.381582 -17.399484) (xy -0.362148 -17.44849)
      (xy 0.128617 -17.450283) (xy 3.338662 -17.333941)) (layer Eco2.User) (width 0.01))
  )

  (module Connector_PinSocket_2.54mm:PinSocket_1x02_P2.54mm_Horizontal (layer F.Cu) (tedit 5A19A41B) (tstamp 5F90B380)
    (at 155.194 121.158 180)
    (descr "Through hole angled socket strip, 1x02, 2.54mm pitch, 8.51mm socket length, single row (from Kicad 4.0.7), script generated")
    (tags "Through hole angled socket strip THT 1x02 2.54mm single row")
    (path /5F97FCAA)
    (fp_text reference P3 (at -4.38 -2.77) (layer F.SilkS)
      (effects (font (size 1 1) (thickness 0.15)))
    )
    (fp_text value CONN_2 (at -4.38 5.31) (layer F.Fab)
      (effects (font (size 1 1) (thickness 0.15)))
    )
    (fp_text user %R (at -5.775 1.27) (layer F.Fab)
      (effects (font (size 1 1) (thickness 0.15)))
    )
    (fp_line (start -10.03 -1.27) (end -2.49 -1.27) (layer F.Fab) (width 0.1))
    (fp_line (start -2.49 -1.27) (end -1.52 -0.3) (layer F.Fab) (width 0.1))
    (fp_line (start -1.52 -0.3) (end -1.52 3.81) (layer F.Fab) (width 0.1))
    (fp_line (start -1.52 3.81) (end -10.03 3.81) (layer F.Fab) (width 0.1))
    (fp_line (start -10.03 3.81) (end -10.03 -1.27) (layer F.Fab) (width 0.1))
    (fp_line (start 0 -0.3) (end -1.52 -0.3) (layer F.Fab) (width 0.1))
    (fp_line (start -1.52 0.3) (end 0 0.3) (layer F.Fab) (width 0.1))
    (fp_line (start 0 0.3) (end 0 -0.3) (layer F.Fab) (width 0.1))
    (fp_line (start 0 2.24) (end -1.52 2.24) (layer F.Fab) (width 0.1))
    (fp_line (start -1.52 2.84) (end 0 2.84) (layer F.Fab) (width 0.1))
    (fp_line (start 0 2.84) (end 0 2.24) (layer F.Fab) (width 0.1))
    (fp_line (start -10.09 -1.21) (end -1.46 -1.21) (layer F.SilkS) (width 0.12))
    (fp_line (start -10.09 -1.091905) (end -1.46 -1.091905) (layer F.SilkS) (width 0.12))
    (fp_line (start -10.09 -0.97381) (end -1.46 -0.97381) (layer F.SilkS) (width 0.12))
    (fp_line (start -10.09 -0.855715) (end -1.46 -0.855715) (layer F.SilkS) (width 0.12))
    (fp_line (start -10.09 -0.73762) (end -1.46 -0.73762) (layer F.SilkS) (width 0.12))
    (fp_line (start -10.09 -0.619525) (end -1.46 -0.619525) (layer F.SilkS) (width 0.12))
    (fp_line (start -10.09 -0.50143) (end -1.46 -0.50143) (layer F.SilkS) (width 0.12))
    (fp_line (start -10.09 -0.383335) (end -1.46 -0.383335) (layer F.SilkS) (width 0.12))
    (fp_line (start -10.09 -0.26524) (end -1.46 -0.26524) (layer F.SilkS) (width 0.12))
    (fp_line (start -10.09 -0.147145) (end -1.46 -0.147145) (layer F.SilkS) (width 0.12))
    (fp_line (start -10.09 -0.02905) (end -1.46 -0.02905) (layer F.SilkS) (width 0.12))
    (fp_line (start -10.09 0.089045) (end -1.46 0.089045) (layer F.SilkS) (width 0.12))
    (fp_line (start -10.09 0.20714) (end -1.46 0.20714) (layer F.SilkS) (width 0.12))
    (fp_line (start -10.09 0.325235) (end -1.46 0.325235) (layer F.SilkS) (width 0.12))
    (fp_line (start -10.09 0.44333) (end -1.46 0.44333) (layer F.SilkS) (width 0.12))
    (fp_line (start -10.09 0.561425) (end -1.46 0.561425) (layer F.SilkS) (width 0.12))
    (fp_line (start -10.09 0.67952) (end -1.46 0.67952) (layer F.SilkS) (width 0.12))
    (fp_line (start -10.09 0.797615) (end -1.46 0.797615) (layer F.SilkS) (width 0.12))
    (fp_line (start -10.09 0.91571) (end -1.46 0.91571) (layer F.SilkS) (width 0.12))
    (fp_line (start -10.09 1.033805) (end -1.46 1.033805) (layer F.SilkS) (width 0.12))
    (fp_line (start -10.09 1.1519) (end -1.46 1.1519) (layer F.SilkS) (width 0.12))
    (fp_line (start -1.46 -0.36) (end -1.11 -0.36) (layer F.SilkS) (width 0.12))
    (fp_line (start -1.46 0.36) (end -1.11 0.36) (layer F.SilkS) (width 0.12))
    (fp_line (start -1.46 2.18) (end -1.05 2.18) (layer F.SilkS) (width 0.12))
    (fp_line (start -1.46 2.9) (end -1.05 2.9) (layer F.SilkS) (width 0.12))
    (fp_line (start -10.09 1.27) (end -1.46 1.27) (layer F.SilkS) (width 0.12))
    (fp_line (start -10.09 -1.33) (end -1.46 -1.33) (layer F.SilkS) (width 0.12))
    (fp_line (start -1.46 -1.33) (end -1.46 3.87) (layer F.SilkS) (width 0.12))
    (fp_line (start -10.09 3.87) (end -1.46 3.87) (layer F.SilkS) (width 0.12))
    (fp_line (start -10.09 -1.33) (end -10.09 3.87) (layer F.SilkS) (width 0.12))
    (fp_line (start 1.11 -1.33) (end 1.11 0) (layer F.SilkS) (width 0.12))
    (fp_line (start 0 -1.33) (end 1.11 -1.33) (layer F.SilkS) (width 0.12))
    (fp_line (start 1.75 -1.75) (end -10.55 -1.75) (layer F.CrtYd) (width 0.05))
    (fp_line (start -10.55 -1.75) (end -10.55 4.35) (layer F.CrtYd) (width 0.05))
    (fp_line (start -10.55 4.35) (end 1.75 4.35) (layer F.CrtYd) (width 0.05))
    (fp_line (start 1.75 4.35) (end 1.75 -1.75) (layer F.CrtYd) (width 0.05))
    (pad 2 thru_hole oval (at 0 2.54 180) (size 1.7 1.7) (drill 1) (layers *.Cu *.Mask)
      (net 22 VCC))
    (pad 1 thru_hole rect (at 0 0 180) (size 1.7 1.7) (drill 1) (layers *.Cu *.Mask)
      (net 23 GND))
    (model ${KISYS3DMOD}/Connector_PinSocket_2.54mm.3dshapes/PinSocket_1x02_P2.54mm_Horizontal.wrl
      (at (xyz 0 0 0))
      (scale (xyz 1 1 1))
      (rotate (xyz 0 0 0))
    )
  )

  (module LED_THT:LED_D3.0mm (layer B.Cu) (tedit 587A3A7B) (tstamp 5FB3E886)
    (at 146.304 87.376 270)
    (descr "LED, diameter 3.0mm, 2 pins")
    (tags "LED diameter 3.0mm 2 pins")
    (path /545FB6EB)
    (fp_text reference D29 (at 1.27 2.96 90) (layer B.SilkS)
      (effects (font (size 1 1) (thickness 0.15)) (justify mirror))
    )
    (fp_text value LED (at 1.27 -2.96 90) (layer B.Fab)
      (effects (font (size 1 1) (thickness 0.15)) (justify mirror))
    )
    (fp_line (start 3.7 2.25) (end -1.15 2.25) (layer B.CrtYd) (width 0.05))
    (fp_line (start 3.7 -2.25) (end 3.7 2.25) (layer B.CrtYd) (width 0.05))
    (fp_line (start -1.15 -2.25) (end 3.7 -2.25) (layer B.CrtYd) (width 0.05))
    (fp_line (start -1.15 2.25) (end -1.15 -2.25) (layer B.CrtYd) (width 0.05))
    (fp_line (start -0.29 -1.08) (end -0.29 -1.236) (layer B.SilkS) (width 0.12))
    (fp_line (start -0.29 1.236) (end -0.29 1.08) (layer B.SilkS) (width 0.12))
    (fp_line (start -0.23 1.16619) (end -0.23 -1.16619) (layer B.Fab) (width 0.1))
    (fp_circle (center 1.27 0) (end 2.77 0) (layer B.Fab) (width 0.1))
    (fp_arc (start 1.27 0) (end -0.23 1.16619) (angle -284.3) (layer B.Fab) (width 0.1))
    (fp_arc (start 1.27 0) (end -0.29 1.235516) (angle -108.8) (layer B.SilkS) (width 0.12))
    (fp_arc (start 1.27 0) (end -0.29 -1.235516) (angle 108.8) (layer B.SilkS) (width 0.12))
    (fp_arc (start 1.27 0) (end 0.229039 1.08) (angle -87.9) (layer B.SilkS) (width 0.12))
    (fp_arc (start 1.27 0) (end 0.229039 -1.08) (angle 87.9) (layer B.SilkS) (width 0.12))
    (pad 1 thru_hole rect (at 0 0 270) (size 1.8 1.8) (drill 0.9) (layers *.Cu *.Mask)
      (net 6 "Net-(D13-Pad1)"))
    (pad 2 thru_hole circle (at 2.54 0 270) (size 1.8 1.8) (drill 0.9) (layers *.Cu *.Mask)
      (net 12 "Net-(D25-Pad2)"))
    (model ${KISYS3DMOD}/LED_THT.3dshapes/LED_D3.0mm.wrl
      (at (xyz 0 0 0))
      (scale (xyz 1 1 1))
      (rotate (xyz 0 0 0))
    )
  )

  (module LED_THT:LED_D3.0mm (layer B.Cu) (tedit 587A3A7B) (tstamp 5FB414D7)
    (at 166.37 95.758 180)
    (descr "LED, diameter 3.0mm, 2 pins")
    (tags "LED diameter 3.0mm 2 pins")
    (path /545FB6B5)
    (fp_text reference D9 (at 1.27 2.96) (layer B.SilkS)
      (effects (font (size 1 1) (thickness 0.15)) (justify mirror))
    )
    (fp_text value LED (at 1.27 -2.96) (layer B.Fab)
      (effects (font (size 1 1) (thickness 0.15)) (justify mirror))
    )
    (fp_line (start 3.7 2.25) (end -1.15 2.25) (layer B.CrtYd) (width 0.05))
    (fp_line (start 3.7 -2.25) (end 3.7 2.25) (layer B.CrtYd) (width 0.05))
    (fp_line (start -1.15 -2.25) (end 3.7 -2.25) (layer B.CrtYd) (width 0.05))
    (fp_line (start -1.15 2.25) (end -1.15 -2.25) (layer B.CrtYd) (width 0.05))
    (fp_line (start -0.29 -1.08) (end -0.29 -1.236) (layer B.SilkS) (width 0.12))
    (fp_line (start -0.29 1.236) (end -0.29 1.08) (layer B.SilkS) (width 0.12))
    (fp_line (start -0.23 1.16619) (end -0.23 -1.16619) (layer B.Fab) (width 0.1))
    (fp_circle (center 1.27 0) (end 2.77 0) (layer B.Fab) (width 0.1))
    (fp_arc (start 1.27 0) (end -0.23 1.16619) (angle -284.3) (layer B.Fab) (width 0.1))
    (fp_arc (start 1.27 0) (end -0.29 1.235516) (angle -108.8) (layer B.SilkS) (width 0.12))
    (fp_arc (start 1.27 0) (end -0.29 -1.235516) (angle 108.8) (layer B.SilkS) (width 0.12))
    (fp_arc (start 1.27 0) (end 0.229039 1.08) (angle -87.9) (layer B.SilkS) (width 0.12))
    (fp_arc (start 1.27 0) (end 0.229039 -1.08) (angle 87.9) (layer B.SilkS) (width 0.12))
    (pad 1 thru_hole rect (at 0 0 180) (size 1.8 1.8) (drill 0.9) (layers *.Cu *.Mask)
      (net 1 "Net-(D1-Pad1)"))
    (pad 2 thru_hole circle (at 2.54 0 180) (size 1.8 1.8) (drill 0.9) (layers *.Cu *.Mask)
      (net 10 "Net-(D10-Pad2)"))
    (model ${KISYS3DMOD}/LED_THT.3dshapes/LED_D3.0mm.wrl
      (at (xyz 0 0 0))
      (scale (xyz 1 1 1))
      (rotate (xyz 0 0 0))
    )
  )

  (module LED_THT:LED_D3.0mm (layer B.Cu) (tedit 587A3A7B) (tstamp 5FB4140A)
    (at 155.702 103.124 180)
    (descr "LED, diameter 3.0mm, 2 pins")
    (tags "LED diameter 3.0mm 2 pins")
    (path /545FB697)
    (fp_text reference D11 (at 1.27 2.96) (layer B.SilkS)
      (effects (font (size 1 1) (thickness 0.15)) (justify mirror))
    )
    (fp_text value LED (at 1.27 -2.96) (layer B.Fab)
      (effects (font (size 1 1) (thickness 0.15)) (justify mirror))
    )
    (fp_circle (center 1.27 0) (end 2.77 0) (layer B.Fab) (width 0.1))
    (fp_line (start -0.23 1.16619) (end -0.23 -1.16619) (layer B.Fab) (width 0.1))
    (fp_line (start -0.29 1.236) (end -0.29 1.08) (layer B.SilkS) (width 0.12))
    (fp_line (start -0.29 -1.08) (end -0.29 -1.236) (layer B.SilkS) (width 0.12))
    (fp_line (start -1.15 2.25) (end -1.15 -2.25) (layer B.CrtYd) (width 0.05))
    (fp_line (start -1.15 -2.25) (end 3.7 -2.25) (layer B.CrtYd) (width 0.05))
    (fp_line (start 3.7 -2.25) (end 3.7 2.25) (layer B.CrtYd) (width 0.05))
    (fp_line (start 3.7 2.25) (end -1.15 2.25) (layer B.CrtYd) (width 0.05))
    (fp_arc (start 1.27 0) (end 0.229039 -1.08) (angle 87.9) (layer B.SilkS) (width 0.12))
    (fp_arc (start 1.27 0) (end 0.229039 1.08) (angle -87.9) (layer B.SilkS) (width 0.12))
    (fp_arc (start 1.27 0) (end -0.29 -1.235516) (angle 108.8) (layer B.SilkS) (width 0.12))
    (fp_arc (start 1.27 0) (end -0.29 1.235516) (angle -108.8) (layer B.SilkS) (width 0.12))
    (fp_arc (start 1.27 0) (end -0.23 1.16619) (angle -284.3) (layer B.Fab) (width 0.1))
    (pad 2 thru_hole circle (at 2.54 0 180) (size 1.8 1.8) (drill 0.9) (layers *.Cu *.Mask)
      (net 10 "Net-(D10-Pad2)"))
    (pad 1 thru_hole rect (at 0 0 180) (size 1.8 1.8) (drill 0.9) (layers *.Cu *.Mask)
      (net 4 "Net-(D11-Pad1)"))
    (model ${KISYS3DMOD}/LED_THT.3dshapes/LED_D3.0mm.wrl
      (at (xyz 0 0 0))
      (scale (xyz 1 1 1))
      (rotate (xyz 0 0 0))
    )
  )

  (module LED_THT:LED_D3.0mm (layer B.Cu) (tedit 587A3A7B) (tstamp 5FB41340)
    (at 149.098 105.156 180)
    (descr "LED, diameter 3.0mm, 2 pins")
    (tags "LED diameter 3.0mm 2 pins")
    (path /545FB691)
    (fp_text reference D12 (at 1.27 2.96) (layer B.SilkS)
      (effects (font (size 1 1) (thickness 0.15)) (justify mirror))
    )
    (fp_text value LED (at 1.27 -2.96) (layer B.Fab)
      (effects (font (size 1 1) (thickness 0.15)) (justify mirror))
    )
    (fp_line (start 3.7 2.25) (end -1.15 2.25) (layer B.CrtYd) (width 0.05))
    (fp_line (start 3.7 -2.25) (end 3.7 2.25) (layer B.CrtYd) (width 0.05))
    (fp_line (start -1.15 -2.25) (end 3.7 -2.25) (layer B.CrtYd) (width 0.05))
    (fp_line (start -1.15 2.25) (end -1.15 -2.25) (layer B.CrtYd) (width 0.05))
    (fp_line (start -0.29 -1.08) (end -0.29 -1.236) (layer B.SilkS) (width 0.12))
    (fp_line (start -0.29 1.236) (end -0.29 1.08) (layer B.SilkS) (width 0.12))
    (fp_line (start -0.23 1.16619) (end -0.23 -1.16619) (layer B.Fab) (width 0.1))
    (fp_circle (center 1.27 0) (end 2.77 0) (layer B.Fab) (width 0.1))
    (fp_arc (start 1.27 0) (end -0.23 1.16619) (angle -284.3) (layer B.Fab) (width 0.1))
    (fp_arc (start 1.27 0) (end -0.29 1.235516) (angle -108.8) (layer B.SilkS) (width 0.12))
    (fp_arc (start 1.27 0) (end -0.29 -1.235516) (angle 108.8) (layer B.SilkS) (width 0.12))
    (fp_arc (start 1.27 0) (end 0.229039 1.08) (angle -87.9) (layer B.SilkS) (width 0.12))
    (fp_arc (start 1.27 0) (end 0.229039 -1.08) (angle 87.9) (layer B.SilkS) (width 0.12))
    (pad 1 thru_hole rect (at 0 0 180) (size 1.8 1.8) (drill 0.9) (layers *.Cu *.Mask)
      (net 5 "Net-(D12-Pad1)"))
    (pad 2 thru_hole circle (at 2.54 0 180) (size 1.8 1.8) (drill 0.9) (layers *.Cu *.Mask)
      (net 10 "Net-(D10-Pad2)"))
    (model ${KISYS3DMOD}/LED_THT.3dshapes/LED_D3.0mm.wrl
      (at (xyz 0 0 0))
      (scale (xyz 1 1 1))
      (rotate (xyz 0 0 0))
    )
  )

  (module LED_THT:LED_D3.0mm (layer B.Cu) (tedit 587A3A7B) (tstamp 5FB410AA)
    (at 139.7 105.41)
    (descr "LED, diameter 3.0mm, 2 pins")
    (tags "LED diameter 3.0mm 2 pins")
    (path /545FB68B)
    (fp_text reference D13 (at 1.27 2.96) (layer B.SilkS)
      (effects (font (size 1 1) (thickness 0.15)) (justify mirror))
    )
    (fp_text value LED (at 1.27 -2.96) (layer B.Fab)
      (effects (font (size 1 1) (thickness 0.15)) (justify mirror))
    )
    (fp_circle (center 1.27 0) (end 2.77 0) (layer B.Fab) (width 0.1))
    (fp_line (start -0.23 1.16619) (end -0.23 -1.16619) (layer B.Fab) (width 0.1))
    (fp_line (start -0.29 1.236) (end -0.29 1.08) (layer B.SilkS) (width 0.12))
    (fp_line (start -0.29 -1.08) (end -0.29 -1.236) (layer B.SilkS) (width 0.12))
    (fp_line (start -1.15 2.25) (end -1.15 -2.25) (layer B.CrtYd) (width 0.05))
    (fp_line (start -1.15 -2.25) (end 3.7 -2.25) (layer B.CrtYd) (width 0.05))
    (fp_line (start 3.7 -2.25) (end 3.7 2.25) (layer B.CrtYd) (width 0.05))
    (fp_line (start 3.7 2.25) (end -1.15 2.25) (layer B.CrtYd) (width 0.05))
    (fp_arc (start 1.27 0) (end 0.229039 -1.08) (angle 87.9) (layer B.SilkS) (width 0.12))
    (fp_arc (start 1.27 0) (end 0.229039 1.08) (angle -87.9) (layer B.SilkS) (width 0.12))
    (fp_arc (start 1.27 0) (end -0.29 -1.235516) (angle 108.8) (layer B.SilkS) (width 0.12))
    (fp_arc (start 1.27 0) (end -0.29 1.235516) (angle -108.8) (layer B.SilkS) (width 0.12))
    (fp_arc (start 1.27 0) (end -0.23 1.16619) (angle -284.3) (layer B.Fab) (width 0.1))
    (pad 2 thru_hole circle (at 2.54 0) (size 1.8 1.8) (drill 0.9) (layers *.Cu *.Mask)
      (net 10 "Net-(D10-Pad2)"))
    (pad 1 thru_hole rect (at 0 0) (size 1.8 1.8) (drill 0.9) (layers *.Cu *.Mask)
      (net 6 "Net-(D13-Pad1)"))
    (model ${KISYS3DMOD}/LED_THT.3dshapes/LED_D3.0mm.wrl
      (at (xyz 0 0 0))
      (scale (xyz 1 1 1))
      (rotate (xyz 0 0 0))
    )
  )

  (module LED_THT:LED_D3.0mm (layer B.Cu) (tedit 587A3A7B) (tstamp 5FB40041)
    (at 123.19 100.076 180)
    (descr "LED, diameter 3.0mm, 2 pins")
    (tags "LED diameter 3.0mm 2 pins")
    (path /545FB69D)
    (fp_text reference D16 (at 1.27 2.96) (layer B.SilkS)
      (effects (font (size 1 1) (thickness 0.15)) (justify mirror))
    )
    (fp_text value LED (at 1.27 -2.96) (layer B.Fab)
      (effects (font (size 1 1) (thickness 0.15)) (justify mirror))
    )
    (fp_circle (center 1.27 0) (end 2.77 0) (layer B.Fab) (width 0.1))
    (fp_line (start -0.23 1.16619) (end -0.23 -1.16619) (layer B.Fab) (width 0.1))
    (fp_line (start -0.29 1.236) (end -0.29 1.08) (layer B.SilkS) (width 0.12))
    (fp_line (start -0.29 -1.08) (end -0.29 -1.236) (layer B.SilkS) (width 0.12))
    (fp_line (start -1.15 2.25) (end -1.15 -2.25) (layer B.CrtYd) (width 0.05))
    (fp_line (start -1.15 -2.25) (end 3.7 -2.25) (layer B.CrtYd) (width 0.05))
    (fp_line (start 3.7 -2.25) (end 3.7 2.25) (layer B.CrtYd) (width 0.05))
    (fp_line (start 3.7 2.25) (end -1.15 2.25) (layer B.CrtYd) (width 0.05))
    (fp_arc (start 1.27 0) (end 0.229039 -1.08) (angle 87.9) (layer B.SilkS) (width 0.12))
    (fp_arc (start 1.27 0) (end 0.229039 1.08) (angle -87.9) (layer B.SilkS) (width 0.12))
    (fp_arc (start 1.27 0) (end -0.29 -1.235516) (angle 108.8) (layer B.SilkS) (width 0.12))
    (fp_arc (start 1.27 0) (end -0.29 1.235516) (angle -108.8) (layer B.SilkS) (width 0.12))
    (fp_arc (start 1.27 0) (end -0.23 1.16619) (angle -284.3) (layer B.Fab) (width 0.1))
    (pad 2 thru_hole circle (at 2.54 0 180) (size 1.8 1.8) (drill 0.9) (layers *.Cu *.Mask)
      (net 10 "Net-(D10-Pad2)"))
    (pad 1 thru_hole rect (at 0 0 180) (size 1.8 1.8) (drill 0.9) (layers *.Cu *.Mask)
      (net 9 "Net-(D16-Pad1)"))
    (model ${KISYS3DMOD}/LED_THT.3dshapes/LED_D3.0mm.wrl
      (at (xyz 0 0 0))
      (scale (xyz 1 1 1))
      (rotate (xyz 0 0 0))
    )
  )

  (module LED_THT:LED_D3.0mm (layer B.Cu) (tedit 587A3A7B) (tstamp 5FB3E984)
    (at 166.116 83.82 180)
    (descr "LED, diameter 3.0mm, 2 pins")
    (tags "LED diameter 3.0mm 2 pins")
    (path /545FB672)
    (fp_text reference D7 (at 1.27 2.96) (layer B.SilkS)
      (effects (font (size 1 1) (thickness 0.15)) (justify mirror))
    )
    (fp_text value LED (at 1.27 -2.96) (layer B.Fab)
      (effects (font (size 1 1) (thickness 0.15)) (justify mirror))
    )
    (fp_line (start 3.7 2.25) (end -1.15 2.25) (layer B.CrtYd) (width 0.05))
    (fp_line (start 3.7 -2.25) (end 3.7 2.25) (layer B.CrtYd) (width 0.05))
    (fp_line (start -1.15 -2.25) (end 3.7 -2.25) (layer B.CrtYd) (width 0.05))
    (fp_line (start -1.15 2.25) (end -1.15 -2.25) (layer B.CrtYd) (width 0.05))
    (fp_line (start -0.29 -1.08) (end -0.29 -1.236) (layer B.SilkS) (width 0.12))
    (fp_line (start -0.29 1.236) (end -0.29 1.08) (layer B.SilkS) (width 0.12))
    (fp_line (start -0.23 1.16619) (end -0.23 -1.16619) (layer B.Fab) (width 0.1))
    (fp_circle (center 1.27 0) (end 2.77 0) (layer B.Fab) (width 0.1))
    (fp_arc (start 1.27 0) (end -0.23 1.16619) (angle -284.3) (layer B.Fab) (width 0.1))
    (fp_arc (start 1.27 0) (end -0.29 1.235516) (angle -108.8) (layer B.SilkS) (width 0.12))
    (fp_arc (start 1.27 0) (end -0.29 -1.235516) (angle 108.8) (layer B.SilkS) (width 0.12))
    (fp_arc (start 1.27 0) (end 0.229039 1.08) (angle -87.9) (layer B.SilkS) (width 0.12))
    (fp_arc (start 1.27 0) (end 0.229039 -1.08) (angle 87.9) (layer B.SilkS) (width 0.12))
    (pad 1 thru_hole rect (at 0 0 180) (size 1.8 1.8) (drill 0.9) (layers *.Cu *.Mask)
      (net 8 "Net-(D15-Pad1)"))
    (pad 2 thru_hole circle (at 2.54 0 180) (size 1.8 1.8) (drill 0.9) (layers *.Cu *.Mask)
      (net 2 "Net-(D1-Pad2)"))
