(kicad_pcb (version 20171130) (host pcbnew "(5.1.4)-1")

  (general
    (thickness 1.6)
    (drawings 30)
    (tracks 476)
    (zones 0)
    (modules 43)
    (nets 24)
  )

  (page A3)
  (layers
    (0 F.Cu signal)
    (31 B.Cu signal)
    (32 B.Adhes user)
    (33 F.Adhes user)
    (34 B.Paste user)
    (35 F.Paste user)
    (36 B.SilkS user)
    (37 F.SilkS user hide)
    (38 B.Mask user)
    (39 F.Mask user)
    (40 Dwgs.User user)
    (41 Cmts.User user)
    (42 Eco1.User user)
    (43 Eco2.User user)
    (44 Edge.Cuts user)
  )

  (setup
    (last_trace_width 0.4)
    (trace_clearance 0.3)
    (zone_clearance 0.508)
    (zone_45_only no)
    (trace_min 0.254)
    (via_size 1.4)
    (via_drill 0.7)
    (via_min_size 0.889)
    (via_min_drill 0.508)
    (uvia_size 0.508)
    (uvia_drill 0.127)
    (uvias_allowed no)
    (uvia_min_size 0.508)
    (uvia_min_drill 0.127)
    (edge_width 0.1)
    (segment_width 0.2)
    (pcb_text_width 0.3)
    (pcb_text_size 1.5 1.5)
    (mod_edge_width 0.15)
    (mod_text_size 1 1)
    (mod_text_width 0.15)
    (pad_size 1.524 1.524)
    (pad_drill 0)
    (pad_to_mask_clearance 0)
    (aux_axis_origin 0 0)
    (visible_elements 7FFFFFFF)
    (pcbplotparams
      (layerselection 0x01000_80000001)
      (usegerberextensions true)
      (usegerberattributes true)
      (usegerberadvancedattributes true)
      (creategerberjobfile true)
      (excludeedgelayer true)
      (linewidth 0.150000)
      (plotframeref false)
      (viasonmask false)
      (mode 1)
      (useauxorigin false)
      (hpglpennumber 1)
      (hpglpenspeed 20)
      (hpglpendiameter 15.000000)
      (psnegative false)
      (psa4output false)
      (plotreference true)
      (plotvalue true)
      (plotinvisibletext false)
      (padsonsilk false)
      (subtractmaskfromsilk false)
      (outputformat 1)
      (mirror false)
      (drillshape 0)
      (scaleselection 1)
      (outputdirectory "../Salama_gerberit/"))
  )

  (net 0 "")
  (net 1 "Net-(D1-Pad1)")
  (net 2 "Net-(D1-Pad2)")
  (net 3 "Net-(D10-Pad1)")
  (net 4 "Net-(D11-Pad1)")
  (net 5 "Net-(D12-Pad1)")
  (net 6 "Net-(D13-Pad1)")
  (net 7 "Net-(D14-Pad1)")
  (net 8 "Net-(D15-Pad1)")
  (net 9 "Net-(D16-Pad1)")
  (net 10 "Net-(D10-Pad2)")
  (net 11 "Net-(D17-Pad2)")
  (net 12 "Net-(D25-Pad2)")
  (net 13 "Net-(F1-Pad2)")
  (net 14 "Net-(IC1-Pad17)")
  (net 15 "Net-(IC1-Pad18)")
  (net 16 "Net-(IC1-Pad19)")
  (net 17 "Net-(IC1-Pad20)")
  (net 18 "Net-(IC1-Pad1)")
  (net 19 "Net-(IC1-Pad2)")
  (net 20 "Net-(IC1-Pad9)")
  (net 21 "Net-(IC1-Pad10)")
  (net 22 VCC)
  (net 23 GND)

  (net_class Default "This is the default net class."
    (clearance 0.3)
    (trace_width 0.4)
    (via_dia 1.4)
    (via_drill 0.7)
    (uvia_dia 0.508)
    (uvia_drill 0.127)
    (add_net GND)
    (add_net "Net-(D1-Pad1)")
    (add_net "Net-(D1-Pad2)")
    (add_net "Net-(D10-Pad1)")
    (add_net "Net-(D10-Pad2)")
    (add_net "Net-(D11-Pad1)")
    (add_net "Net-(D12-Pad1)")
    (add_net "Net-(D13-Pad1)")
    (add_net "Net-(D14-Pad1)")
    (add_net "Net-(D15-Pad1)")
    (add_net "Net-(D16-Pad1)")
    (add_net "Net-(D17-Pad2)")
    (add_net "Net-(D25-Pad2)")
    (add_net "Net-(F1-Pad2)")
    (add_net "Net-(IC1-Pad1)")
    (add_net "Net-(IC1-Pad10)")
    (add_net "Net-(IC1-Pad17)")
    (add_net "Net-(IC1-Pad18)")
    (add_net "Net-(IC1-Pad19)")
    (add_net "Net-(IC1-Pad2)")
    (add_net "Net-(IC1-Pad20)")
    (add_net "Net-(IC1-Pad9)")
    (add_net VCC)
  )

  (net_class joo ""
    (clearance 0.3)
    (trace_width 0.4)
    (via_dia 1.4)
    (via_drill 0.7)
    (uvia_dia 0.508)
    (uvia_drill 0.127)
  )

  (module uusi_possu:SalamaNAppi (layer F.Cu) (tedit 545FF69B) (tstamp 5F907314)
    (at 120.396 44.704 90)
    (path /545FE739)
    (fp_text reference SW1 (at 0 6.35 90) (layer F.SilkS)
      (effects (font (size 1.27 1.27) (thickness 0.2032)))
    )
    (fp_text value SW_PUSH (at -0.254 -5.588 90) (layer F.SilkS)
      (effects (font (size 1.27 1.27) (thickness 0.2032)))
    )
    (fp_circle (center 0 -0.254) (end 1.524 0.508) (layer F.SilkS) (width 0.1016))
    (fp_line (start -3.048 -3.048) (end -3.048 2.794) (layer F.SilkS) (width 0.1016))
    (fp_line (start -3.048 2.794) (end 3.048 2.794) (layer F.SilkS) (width 0.1016))
    (fp_line (start 3.048 2.794) (end 3.048 -3.048) (layer F.SilkS) (width 0.1016))
    (fp_line (start 3.048 -3.048) (end -3.048 -3.048) (layer F.SilkS) (width 0.1016))
    (pad NC smd rect (at 6.35 2.54 90) (size 2.54 2.54) (layers F.Cu F.Paste F.Mask))
    (pad 2 smd rect (at -6.35 2.54 90) (size 2.54 2.54) (layers F.Cu F.Paste F.Mask)
      (net 20 "Net-(IC1-Pad9)"))
    (pad NC smd rect (at 6.35 -2.54 90) (size 2.54 2.54) (layers F.Cu F.Paste F.Mask))
    (pad 1 smd rect (at -6.35 -2.54 90) (size 2.54 2.54) (layers F.Cu F.Paste F.Mask)
      (net 23 GND))
  )

  (module LED_THT:LED_D3.0mm (layer B.Cu) (tedit 587A3A7B) (tstamp 5F8FF80D)
    (at 98.806 48.4)
    (descr "LED, diameter 3.0mm, 2 pins")
    (tags "LED diameter 3.0mm 2 pins")
    (path /545FB610)
    (fp_text reference D5 (at 1.27 2.96) (layer B.SilkS)
      (effects (font (size 1 1) (thickness 0.15)) (justify mirror))
    )
    (fp_text value LED (at 1.27 -2.96) (layer B.Fab)
      (effects (font (size 1 1) (thickness 0.15)) (justify mirror))
    )
    (fp_line (start 3.7 2.25) (end -1.15 2.25) (layer B.CrtYd) (width 0.05))
    (fp_line (start 3.7 -2.25) (end 3.7 2.25) (layer B.CrtYd) (width 0.05))
    (fp_line (start -1.15 -2.25) (end 3.7 -2.25) (layer B.CrtYd) (width 0.05))
    (fp_line (start -1.15 2.25) (end -1.15 -2.25) (layer B.CrtYd) (width 0.05))
    (fp_line (start -0.29 -1.08) (end -0.29 -1.236) (layer B.SilkS) (width 0.12))
    (fp_line (start -0.29 1.236) (end -0.29 1.08) (layer B.SilkS) (width 0.12))
    (fp_line (start -0.23 1.16619) (end -0.23 -1.16619) (layer B.Fab) (width 0.1))
    (fp_circle (center 1.27 0) (end 2.77 0) (layer B.Fab) (width 0.1))
    (fp_arc (start 1.27 0) (end -0.23 1.16619) (angle -284.3) (layer B.Fab) (width 0.1))
    (fp_arc (start 1.27 0) (end -0.29 1.235516) (angle -108.8) (layer B.SilkS) (width 0.12))
    (fp_arc (start 1.27 0) (end -0.29 -1.235516) (angle 108.8) (layer B.SilkS) (width 0.12))
    (fp_arc (start 1.27 0) (end 0.229039 1.08) (angle -87.9) (layer B.SilkS) (width 0.12))
    (fp_arc (start 1.27 0) (end 0.229039 -1.08) (angle 87.9) (layer B.SilkS) (width 0.12))
    (pad 1 thru_hole rect (at 0 0) (size 1.8 1.8) (drill 0.9) (layers *.Cu *.Mask)
      (net 6 "Net-(D13-Pad1)"))
    (pad 2 thru_hole circle (at 2.54 0) (size 1.8 1.8) (drill 0.9) (layers *.Cu *.Mask)
      (net 2 "Net-(D1-Pad2)"))
    (model ${KISYS3DMOD}/LED_THT.3dshapes/LED_D3.0mm.wrl
      (at (xyz 0 0 0))
      (scale (xyz 1 1 1))
      (rotate (xyz 0 0 0))
    )
  )

  (module LED_THT:LED_D3.0mm (layer B.Cu) (tedit 587A3A7B) (tstamp 5F8FF975)
    (at 110.49 62.1)
    (descr "LED, diameter 3.0mm, 2 pins")
    (tags "LED diameter 3.0mm 2 pins")
    (path /545FB715)
    (fp_text reference D25 (at 1.27 2.96) (layer B.SilkS)
      (effects (font (size 1 1) (thickness 0.15)) (justify mirror))
    )
    (fp_text value LED (at 1.27 -2.96) (layer B.Fab)
      (effects (font (size 1 1) (thickness 0.15)) (justify mirror))
    )
    (fp_line (start 3.7 2.25) (end -1.15 2.25) (layer B.CrtYd) (width 0.05))
    (fp_line (start 3.7 -2.25) (end 3.7 2.25) (layer B.CrtYd) (width 0.05))
    (fp_line (start -1.15 -2.25) (end 3.7 -2.25) (layer B.CrtYd) (width 0.05))
    (fp_line (start -1.15 2.25) (end -1.15 -2.25) (layer B.CrtYd) (width 0.05))
    (fp_line (start -0.29 -1.08) (end -0.29 -1.236) (layer B.SilkS) (width 0.12))
    (fp_line (start -0.29 1.236) (end -0.29 1.08) (layer B.SilkS) (width 0.12))
    (fp_line (start -0.23 1.16619) (end -0.23 -1.16619) (layer B.Fab) (width 0.1))
    (fp_circle (center 1.27 0) (end 2.77 0) (layer B.Fab) (width 0.1))
    (fp_arc (start 1.27 0) (end -0.23 1.16619) (angle -284.3) (layer B.Fab) (width 0.1))
    (fp_arc (start 1.27 0) (end -0.29 1.235516) (angle -108.8) (layer B.SilkS) (width 0.12))
    (fp_arc (start 1.27 0) (end -0.29 -1.235516) (angle 108.8) (layer B.SilkS) (width 0.12))
    (fp_arc (start 1.27 0) (end 0.229039 1.08) (angle -87.9) (layer B.SilkS) (width 0.12))
    (fp_arc (start 1.27 0) (end 0.229039 -1.08) (angle 87.9) (layer B.SilkS) (width 0.12))
    (pad 1 thru_hole rect (at 0 0) (size 1.8 1.8) (drill 0.9) (layers *.Cu *.Mask)
      (net 1 "Net-(D1-Pad1)"))
    (pad 2 thru_hole circle (at 2.54 0) (size 1.8 1.8) (drill 0.9) (layers *.Cu *.Mask)
      (net 12 "Net-(D25-Pad2)"))
    (model ${KISYS3DMOD}/LED_THT.3dshapes/LED_D3.0mm.wrl
      (at (xyz 0 0 0))
      (scale (xyz 1 1 1))
      (rotate (xyz 0 0 0))
    )
  )

  (module Capacitor_Tantalum_SMD:CP_EIA-6032-15_Kemet-U_Pad2.25x2.35mm_HandSolder (layer F.Cu) (tedit 5EBA9318) (tstamp 5F906500)
    (at 88.011 41.402 90)
    (descr "Tantalum Capacitor SMD Kemet-U (6032-15 Metric), IPC_7351 nominal, (Body size from: http://www.kemet.com/Lists/ProductCatalog/Attachments/253/KEM_TC101_STD.pdf), generated with kicad-footprint-generator")
    (tags "capacitor tantalum")
    (path /5460D4EF)
    (attr smd)
    (fp_text reference C1 (at 0 -2.55 90) (layer F.SilkS)
      (effects (font (size 1 1) (thickness 0.15)))
    )
    (fp_text value CP1 (at 0 2.55 90) (layer F.Fab)
      (effects (font (size 1 1) (thickness 0.15)))
    )
    (fp_line (start 3.92 1.85) (end -3.92 1.85) (layer F.CrtYd) (width 0.05))
    (fp_line (start 3.92 -1.85) (end 3.92 1.85) (layer F.CrtYd) (width 0.05))
    (fp_line (start -3.92 -1.85) (end 3.92 -1.85) (layer F.CrtYd) (width 0.05))
    (fp_line (start -3.92 1.85) (end -3.92 -1.85) (layer F.CrtYd) (width 0.05))
    (fp_line (start -3.935 1.71) (end 3 1.71) (layer F.SilkS) (width 0.12))
    (fp_line (start -3.935 -1.71) (end -3.935 1.71) (layer F.SilkS) (width 0.12))
    (fp_line (start 3 -1.71) (end -3.935 -1.71) (layer F.SilkS) (width 0.12))
    (fp_line (start 3 1.6) (end 3 -1.6) (layer F.Fab) (width 0.1))
    (fp_line (start -3 1.6) (end 3 1.6) (layer F.Fab) (width 0.1))
    (fp_line (start -3 -0.8) (end -3 1.6) (layer F.Fab) (width 0.1))
    (fp_line (start -2.2 -1.6) (end -3 -0.8) (layer F.Fab) (width 0.1))
    (fp_line (start 3 -1.6) (end -2.2 -1.6) (layer F.Fab) (width 0.1))
    (fp_text user %R (at 0 0 90) (layer F.Fab)
      (effects (font (size 1 1) (thickness 0.15)))
    )
    (pad 1 smd roundrect (at -2.55 0 90) (size 2.25 2.35) (layers F.Cu F.Paste F.Mask) (roundrect_rratio 0.111111)
      (net 22 VCC))
    (pad 2 smd roundrect (at 2.55 0 90) (size 2.25 2.35) (layers F.Cu F.Paste F.Mask) (roundrect_rratio 0.111111)
      (net 23 GND))
    (model ${KISYS3DMOD}/Capacitor_Tantalum_SMD.3dshapes/CP_EIA-6032-15_Kemet-U.wrl
      (at (xyz 0 0 0))
      (scale (xyz 1 1 1))
      (rotate (xyz 0 0 0))
    )
  )

  (module Connector_PinSocket_2.54mm:PinSocket_1x02_P2.54mm_Horizontal (layer F.Cu) (tedit 5A19A41B) (tstamp 5F8FFA7B)
    (at 78.613 43.815 90)
    (descr "Through hole angled socket strip, 1x02, 2.54mm pitch, 8.51mm socket length, single row (from Kicad 4.0.7), script generated")
    (tags "Through hole angled socket strip THT 1x02 2.54mm single row")
    (path /545FED02)
    (fp_text reference P2 (at -4.38 -2.77 90) (layer F.SilkS)
      (effects (font (size 1 1) (thickness 0.15)))
    )
    (fp_text value CONN_2 (at -4.38 5.31 90) (layer F.Fab)
      (effects (font (size 1 1) (thickness 0.15)))
    )
    (fp_line (start 1.75 4.35) (end 1.75 -1.75) (layer F.CrtYd) (width 0.05))
    (fp_line (start -10.55 4.35) (end 1.75 4.35) (layer F.CrtYd) (width 0.05))
    (fp_line (start -10.55 -1.75) (end -10.55 4.35) (layer F.CrtYd) (width 0.05))
    (fp_line (start 1.75 -1.75) (end -10.55 -1.75) (layer F.CrtYd) (width 0.05))
    (fp_line (start 0 -1.33) (end 1.11 -1.33) (layer F.SilkS) (width 0.12))
    (fp_line (start 1.11 -1.33) (end 1.11 0) (layer F.SilkS) (width 0.12))
    (fp_line (start -10.09 -1.33) (end -10.09 3.87) (layer F.SilkS) (width 0.12))
    (fp_line (start -10.09 3.87) (end -1.46 3.87) (layer F.SilkS) (width 0.12))
    (fp_line (start -1.46 -1.33) (end -1.46 3.87) (layer F.SilkS) (width 0.12))
    (fp_line (start -10.09 -1.33) (end -1.46 -1.33) (layer F.SilkS) (width 0.12))
    (fp_line (start -10.09 1.27) (end -1.46 1.27) (layer F.SilkS) (width 0.12))
    (fp_line (start -1.46 2.9) (end -1.05 2.9) (layer F.SilkS) (width 0.12))
    (fp_line (start -1.46 2.18) (end -1.05 2.18) (layer F.SilkS) (width 0.12))
    (fp_line (start -1.46 0.36) (end -1.11 0.36) (layer F.SilkS) (width 0.12))
    (fp_line (start -1.46 -0.36) (end -1.11 -0.36) (layer F.SilkS) (width 0.12))
    (fp_line (start -10.09 1.1519) (end -1.46 1.1519) (layer F.SilkS) (width 0.12))
    (fp_line (start -10.09 1.033805) (end -1.46 1.033805) (layer F.SilkS) (width 0.12))
    (fp_line (start -10.09 0.91571) (end -1.46 0.91571) (layer F.SilkS) (width 0.12))
    (fp_line (start -10.09 0.797615) (end -1.46 0.797615) (layer F.SilkS) (width 0.12))
    (fp_line (start -10.09 0.67952) (end -1.46 0.67952) (layer F.SilkS) (width 0.12))
    (fp_line (start -10.09 0.561425) (end -1.46 0.561425) (layer F.SilkS) (width 0.12))
    (fp_line (start -10.09 0.44333) (end -1.46 0.44333) (layer F.SilkS) (width 0.12))
    (fp_line (start -10.09 0.325235) (end -1.46 0.325235) (layer F.SilkS) (width 0.12))
    (fp_line (start -10.09 0.20714) (end -1.46 0.20714) (layer F.SilkS) (width 0.12))
    (fp_line (start -10.09 0.089045) (end -1.46 0.089045) (layer F.SilkS) (width 0.12))
    (fp_line (start -10.09 -0.02905) (end -1.46 -0.02905) (layer F.SilkS) (width 0.12))
    (fp_line (start -10.09 -0.147145) (end -1.46 -0.147145) (layer F.SilkS) (width 0.12))
    (fp_line (start -10.09 -0.26524) (end -1.46 -0.26524) (layer F.SilkS) (width 0.12))
    (fp_line (start -10.09 -0.383335) (end -1.46 -0.383335) (layer F.SilkS) (width 0.12))
    (fp_line (start -10.09 -0.50143) (end -1.46 -0.50143) (layer F.SilkS) (width 0.12))
    (fp_line (start -10.09 -0.619525) (end -1.46 -0.619525) (layer F.SilkS) (width 0.12))
    (fp_line (start -10.09 -0.73762) (end -1.46 -0.73762) (layer F.SilkS) (width 0.12))
    (fp_line (start -10.09 -0.855715) (end -1.46 -0.855715) (layer F.SilkS) (width 0.12))
    (fp_line (start -10.09 -0.97381) (end -1.46 -0.97381) (layer F.SilkS) (width 0.12))
    (fp_line (start -10.09 -1.091905) (end -1.46 -1.091905) (layer F.SilkS) (width 0.12))
    (fp_line (start -10.09 -1.21) (end -1.46 -1.21) (layer F.SilkS) (width 0.12))
    (fp_line (start 0 2.84) (end 0 2.24) (layer F.Fab) (width 0.1))
    (fp_line (start -1.52 2.84) (end 0 2.84) (layer F.Fab) (width 0.1))
    (fp_line (start 0 2.24) (end -1.52 2.24) (layer F.Fab) (width 0.1))
    (fp_line (start 0 0.3) (end 0 -0.3) (layer F.Fab) (width 0.1))
    (fp_line (start -1.52 0.3) (end 0 0.3) (layer F.Fab) (width 0.1))
    (fp_line (start 0 -0.3) (end -1.52 -0.3) (layer F.Fab) (width 0.1))
    (fp_line (start -10.03 3.81) (end -10.03 -1.27) (layer F.Fab) (width 0.1))
    (fp_line (start -1.52 3.81) (end -10.03 3.81) (layer F.Fab) (width 0.1))
    (fp_line (start -1.52 -0.3) (end -1.52 3.81) (layer F.Fab) (width 0.1))
    (fp_line (start -2.49 -1.27) (end -1.52 -0.3) (layer F.Fab) (width 0.1))
    (fp_line (start -10.03 -1.27) (end -2.49 -1.27) (layer F.Fab) (width 0.1))
    (fp_text user %R (at -5.775 1.27 90) (layer F.Fab)
      (effects (font (size 1 1) (thickness 0.15)))
    )
    (pad 1 thru_hole rect (at 0 0 90) (size 1.7 1.7) (drill 1) (layers *.Cu *.Mask)
      (net 23 GND))
    (pad 2 thru_hole oval (at 0 2.54 90) (size 1.7 1.7) (drill 1) (layers *.Cu *.Mask)
      (net 13 "Net-(F1-Pad2)"))
    (model ${KISYS3DMOD}/Connector_PinSocket_2.54mm.3dshapes/PinSocket_1x02_P2.54mm_Horizontal.wrl
      (at (xyz 0 0 0))
      (scale (xyz 1 1 1))
      (rotate (xyz 0 0 0))
    )
  )

  (module Resistor_SMD:R_0805_2012Metric_Pad1.20x1.40mm_HandSolder (layer F.Cu) (tedit 5F68FEEE) (tstamp 5F8FEA2A)
    (at 81.153 47.244 90)
    (descr "Resistor SMD 0805 (2012 Metric), square (rectangular) end terminal, IPC_7351 nominal with elongated pad for handsoldering. (Body size source: IPC-SM-782 page 72, https://www.pcb-3d.com/wordpress/wp-content/uploads/ipc-sm-782a_amendment_1_and_2.pdf), generated with kicad-footprint-generator")
    (tags "resistor handsolder")
    (path /5F924400)
    (attr smd)
    (fp_text reference F1 (at 0 -1.65 90) (layer F.SilkS)
      (effects (font (size 1 1) (thickness 0.15)))
    )
    (fp_text value Polyfuse (at 0 1.65 90) (layer F.Fab)
      (effects (font (size 1 1) (thickness 0.15)))
    )
    (fp_line (start 1.85 0.95) (end -1.85 0.95) (layer F.CrtYd) (width 0.05))
    (fp_line (start 1.85 -0.95) (end 1.85 0.95) (layer F.CrtYd) (width 0.05))
    (fp_line (start -1.85 -0.95) (end 1.85 -0.95) (layer F.CrtYd) (width 0.05))
    (fp_line (start -1.85 0.95) (end -1.85 -0.95) (layer F.CrtYd) (width 0.05))
    (fp_line (start -0.227064 0.735) (end 0.227064 0.735) (layer F.SilkS) (width 0.12))
    (fp_line (start -0.227064 -0.735) (end 0.227064 -0.735) (layer F.SilkS) (width 0.12))
    (fp_line (start 1 0.625) (end -1 0.625) (layer F.Fab) (width 0.1))
    (fp_line (start 1 -0.625) (end 1 0.625) (layer F.Fab) (width 0.1))
    (fp_line (start -1 -0.625) (end 1 -0.625) (layer F.Fab) (width 0.1))
    (fp_line (start -1 0.625) (end -1 -0.625) (layer F.Fab) (width 0.1))
    (fp_text user %R (at 0 0 90) (layer F.Fab)
      (effects (font (size 0.5 0.5) (thickness 0.08)))
    )
    (pad 1 smd roundrect (at -1 0 90) (size 1.2 1.4) (layers F.Cu F.Paste F.Mask) (roundrect_rratio 0.208333)
      (net 22 VCC))
    (pad 2 smd roundrect (at 1 0 90) (size 1.2 1.4) (layers F.Cu F.Paste F.Mask) (roundrect_rratio 0.208333)
      (net 13 "Net-(F1-Pad2)"))
    (model ${KISYS3DMOD}/Resistor_SMD.3dshapes/R_0805_2012Metric.wrl
      (at (xyz 0 0 0))
      (scale (xyz 1 1 1))
      (rotate (xyz 0 0 0))
    )
  )

  (module LED_THT:LED_D3.0mm (layer B.Cu) (tedit 587A3A7B) (tstamp 5F8FF7C5)
    (at 101.219 30 180)
    (descr "LED, diameter 3.0mm, 2 pins")
    (tags "LED diameter 3.0mm 2 pins")
    (path /545FB684)
    (fp_text reference D1 (at 1.27 2.96) (layer B.SilkS)
      (effects (font (size 1 1) (thickness 0.15)) (justify mirror))
    )
    (fp_text value LED (at 1.27 -2.96) (layer B.Fab)
      (effects (font (size 1 1) (thickness 0.15)) (justify mirror))
    )
    (fp_circle (center 1.27 0) (end 2.77 0) (layer B.Fab) (width 0.1))
    (fp_line (start -0.23 1.16619) (end -0.23 -1.16619) (layer B.Fab) (width 0.1))
    (fp_line (start -0.29 1.236) (end -0.29 1.08) (layer B.SilkS) (width 0.12))
    (fp_line (start -0.29 -1.08) (end -0.29 -1.236) (layer B.SilkS) (width 0.12))
    (fp_line (start -1.15 2.25) (end -1.15 -2.25) (layer B.CrtYd) (width 0.05))
    (fp_line (start -1.15 -2.25) (end 3.7 -2.25) (layer B.CrtYd) (width 0.05))
    (fp_line (start 3.7 -2.25) (end 3.7 2.25) (layer B.CrtYd) (width 0.05))
    (fp_line (start 3.7 2.25) (end -1.15 2.25) (layer B.CrtYd) (width 0.05))
    (fp_arc (start 1.27 0) (end 0.229039 -1.08) (angle 87.9) (layer B.SilkS) (width 0.12))
    (fp_arc (start 1.27 0) (end 0.229039 1.08) (angle -87.9) (layer B.SilkS) (width 0.12))
    (fp_arc (start 1.27 0) (end -0.29 -1.235516) (angle 108.8) (layer B.SilkS) (width 0.12))
    (fp_arc (start 1.27 0) (end -0.29 1.235516) (angle -108.8) (layer B.SilkS) (width 0.12))
    (fp_arc (start 1.27 0) (end -0.23 1.16619) (angle -284.3) (layer B.Fab) (width 0.1))
    (pad 2 thru_hole circle (at 2.54 0 180) (size 1.8 1.8) (drill 0.9) (layers *.Cu *.Mask)
      (net 2 "Net-(D1-Pad2)"))
    (pad 1 thru_hole rect (at 0 0 180) (size 1.8 1.8) (drill 0.9) (layers *.Cu *.Mask)
      (net 1 "Net-(D1-Pad1)"))
    (model ${KISYS3DMOD}/LED_THT.3dshapes/LED_D3.0mm.wrl
      (at (xyz 0 0 0))
      (scale (xyz 1 1 1))
      (rotate (xyz 0 0 0))
    )
  )

  (module LED_THT:LED_D3.0mm (layer B.Cu) (tedit 587A3A7B) (tstamp 5F8FF7D7)
    (at 99.822 35.941 90)
    (descr "LED, diameter 3.0mm, 2 pins")
    (tags "LED diameter 3.0mm 2 pins")
    (path /545FB67E)
    (fp_text reference D2 (at 1.27 2.96 270) (layer B.SilkS)
      (effects (font (size 1 1) (thickness 0.15)) (justify mirror))
    )
    (fp_text value LED (at 1.27 -2.96 270) (layer B.Fab)
      (effects (font (size 1 1) (thickness 0.15)) (justify mirror))
    )
    (fp_line (start 3.7 2.25) (end -1.15 2.25) (layer B.CrtYd) (width 0.05))
    (fp_line (start 3.7 -2.25) (end 3.7 2.25) (layer B.CrtYd) (width 0.05))
    (fp_line (start -1.15 -2.25) (end 3.7 -2.25) (layer B.CrtYd) (width 0.05))
    (fp_line (start -1.15 2.25) (end -1.15 -2.25) (layer B.CrtYd) (width 0.05))
    (fp_line (start -0.29 -1.08) (end -0.29 -1.236) (layer B.SilkS) (width 0.12))
    (fp_line (start -0.29 1.236) (end -0.29 1.08) (layer B.SilkS) (width 0.12))
    (fp_line (start -0.23 1.16619) (end -0.23 -1.16619) (layer B.Fab) (width 0.1))
    (fp_circle (center 1.27 0) (end 2.77 0) (layer B.Fab) (width 0.1))
    (fp_arc (start 1.27 0) (end -0.23 1.16619) (angle -284.3) (layer B.Fab) (width 0.1))
    (fp_arc (start 1.27 0) (end -0.29 1.235516) (angle -108.8) (layer B.SilkS) (width 0.12))
    (fp_arc (start 1.27 0) (end -0.29 -1.235516) (angle 108.8) (layer B.SilkS) (width 0.12))
    (fp_arc (start 1.27 0) (end 0.229039 1.08) (angle -87.9) (layer B.SilkS) (width 0.12))
    (fp_arc (start 1.27 0) (end 0.229039 -1.08) (angle 87.9) (layer B.SilkS) (width 0.12))
    (pad 1 thru_hole rect (at 0 0 90) (size 1.8 1.8) (drill 0.9) (layers *.Cu *.Mask)
      (net 3 "Net-(D10-Pad1)"))
    (pad 2 thru_hole circle (at 2.54 0 90) (size 1.8 1.8) (drill 0.9) (layers *.Cu *.Mask)
      (net 2 "Net-(D1-Pad2)"))
    (model ${KISYS3DMOD}/LED_THT.3dshapes/LED_D3.0mm.wrl
      (at (xyz 0 0 0))
      (scale (xyz 1 1 1))
      (rotate (xyz 0 0 0))
    )
  )

  (module LED_THT:LED_D3.0mm (layer B.Cu) (tedit 587A3A7B) (tstamp 5F8FF7E9)
    (at 98.806 39.2)
    (descr "LED, diameter 3.0mm, 2 pins")
    (tags "LED diameter 3.0mm 2 pins")
    (path /545FB653)
    (fp_text reference D3 (at 1.27 2.96) (layer B.SilkS)
      (effects (font (size 1 1) (thickness 0.15)) (justify mirror))
    )
    (fp_text value LED (at 1.27 -2.96) (layer B.Fab)
      (effects (font (size 1 1) (thickness 0.15)) (justify mirror))
    )
    (fp_line (start 3.7 2.25) (end -1.15 2.25) (layer B.CrtYd) (width 0.05))
    (fp_line (start 3.7 -2.25) (end 3.7 2.25) (layer B.CrtYd) (width 0.05))
    (fp_line (start -1.15 -2.25) (end 3.7 -2.25) (layer B.CrtYd) (width 0.05))
    (fp_line (start -1.15 2.25) (end -1.15 -2.25) (layer B.CrtYd) (width 0.05))
    (fp_line (start -0.29 -1.08) (end -0.29 -1.236) (layer B.SilkS) (width 0.12))
    (fp_line (start -0.29 1.236) (end -0.29 1.08) (layer B.SilkS) (width 0.12))
    (fp_line (start -0.23 1.16619) (end -0.23 -1.16619) (layer B.Fab) (width 0.1))
    (fp_circle (center 1.27 0) (end 2.77 0) (layer B.Fab) (width 0.1))
    (fp_arc (start 1.27 0) (end -0.23 1.16619) (angle -284.3) (layer B.Fab) (width 0.1))
    (fp_arc (start 1.27 0) (end -0.29 1.235516) (angle -108.8) (layer B.SilkS) (width 0.12))
    (fp_arc (start 1.27 0) (end -0.29 -1.235516) (angle 108.8) (layer B.SilkS) (width 0.12))
    (fp_arc (start 1.27 0) (end 0.229039 1.08) (angle -87.9) (layer B.SilkS) (width 0.12))
    (fp_arc (start 1.27 0) (end 0.229039 -1.08) (angle 87.9) (layer B.SilkS) (width 0.12))
    (pad 1 thru_hole rect (at 0 0) (size 1.8 1.8) (drill 0.9) (layers *.Cu *.Mask)
      (net 4 "Net-(D11-Pad1)"))
    (pad 2 thru_hole circle (at 2.54 0) (size 1.8 1.8) (drill 0.9) (layers *.Cu *.Mask)
      (net 2 "Net-(D1-Pad2)"))
    (model ${KISYS3DMOD}/LED_THT.3dshapes/LED_D3.0mm.wrl
      (at (xyz 0 0 0))
      (scale (xyz 1 1 1))
      (rotate (xyz 0 0 0))
    )
  )

  (module LED_THT:LED_D3.0mm (layer B.Cu) (tedit 587A3A7B) (tstamp 5F8FF7FB)
    (at 98.806 43.8)
    (descr "LED, diameter 3.0mm, 2 pins")
    (tags "LED diameter 3.0mm 2 pins")
    (path /545FB644)
    (fp_text reference D4 (at 1.27 2.96) (layer B.SilkS)
      (effects (font (size 1 1) (thickness 0.15)) (justify mirror))
    )
    (fp_text value LED (at 1.27 -2.96) (layer B.Fab)
      (effects (font (size 1 1) (thickness 0.15)) (justify mirror))
    )
    (fp_circle (center 1.27 0) (end 2.77 0) (layer B.Fab) (width 0.1))
    (fp_line (start -0.23 1.16619) (end -0.23 -1.16619) (layer B.Fab) (width 0.1))
    (fp_line (start -0.29 1.236) (end -0.29 1.08) (layer B.SilkS) (width 0.12))
    (fp_line (start -0.29 -1.08) (end -0.29 -1.236) (layer B.SilkS) (width 0.12))
    (fp_line (start -1.15 2.25) (end -1.15 -2.25) (layer B.CrtYd) (width 0.05))
    (fp_line (start -1.15 -2.25) (end 3.7 -2.25) (layer B.CrtYd) (width 0.05))
    (fp_line (start 3.7 -2.25) (end 3.7 2.25) (layer B.CrtYd) (width 0.05))
    (fp_line (start 3.7 2.25) (end -1.15 2.25) (layer B.CrtYd) (width 0.05))
    (fp_arc (start 1.27 0) (end 0.229039 -1.08) (angle 87.9) (layer B.SilkS) (width 0.12))
    (fp_arc (start 1.27 0) (end 0.229039 1.08) (angle -87.9) (layer B.SilkS) (width 0.12))
    (fp_arc (start 1.27 0) (end -0.29 -1.235516) (angle 108.8) (layer B.SilkS) (width 0.12))
    (fp_arc (start 1.27 0) (end -0.29 1.235516) (angle -108.8) (layer B.SilkS) (width 0.12))
    (fp_arc (start 1.27 0) (end -0.23 1.16619) (angle -284.3) (layer B.Fab) (width 0.1))
    (pad 2 thru_hole circle (at 2.54 0) (size 1.8 1.8) (drill 0.9) (layers *.Cu *.Mask)
      (net 2 "Net-(D1-Pad2)"))
    (pad 1 thru_hole rect (at 0 0) (size 1.8 1.8) (drill 0.9) (layers *.Cu *.Mask)
      (net 5 "Net-(D12-Pad1)"))
    (model ${KISYS3DMOD}/LED_THT.3dshapes/LED_D3.0mm.wrl
      (at (xyz 0 0 0))
      (scale (xyz 1 1 1))
      (rotate (xyz 0 0 0))
    )
  )

  (module LED_THT:LED_D3.0mm (layer B.Cu) (tedit 587A3A7B) (tstamp 5F8FF81F)
    (at 98.806 53)
    (descr "LED, diameter 3.0mm, 2 pins")
    (tags "LED diameter 3.0mm 2 pins")
    (path /545FB678)
    (fp_text reference D6 (at 1.27 2.96) (layer B.SilkS)
      (effects (font (size 1 1) (thickness 0.15)) (justify mirror))
    )
    (fp_text value LED (at 1.27 -2.96) (layer B.Fab)
      (effects (font (size 1 1) (thickness 0.15)) (justify mirror))
    )
    (fp_circle (center 1.27 0) (end 2.77 0) (layer B.Fab) (width 0.1))
    (fp_line (start -0.23 1.16619) (end -0.23 -1.16619) (layer B.Fab) (width 0.1))
    (fp_line (start -0.29 1.236) (end -0.29 1.08) (layer B.SilkS) (width 0.12))
    (fp_line (start -0.29 -1.08) (end -0.29 -1.236) (layer B.SilkS) (width 0.12))
    (fp_line (start -1.15 2.25) (end -1.15 -2.25) (layer B.CrtYd) (width 0.05))
    (fp_line (start -1.15 -2.25) (end 3.7 -2.25) (layer B.CrtYd) (width 0.05))
    (fp_line (start 3.7 -2.25) (end 3.7 2.25) (layer B.CrtYd) (width 0.05))
    (fp_line (start 3.7 2.25) (end -1.15 2.25) (layer B.CrtYd) (width 0.05))
    (fp_arc (start 1.27 0) (end 0.229039 -1.08) (angle 87.9) (layer B.SilkS) (width 0.12))
    (fp_arc (start 1.27 0) (end 0.229039 1.08) (angle -87.9) (layer B.SilkS) (width 0.12))
    (fp_arc (start 1.27 0) (end -0.29 -1.235516) (angle 108.8) (layer B.SilkS) (width 0.12))
    (fp_arc (start 1.27 0) (end -0.29 1.235516) (angle -108.8) (layer B.SilkS) (width 0.12))
    (fp_arc (start 1.27 0) (end -0.23 1.16619) (angle -284.3) (layer B.Fab) (width 0.1))
    (pad 2 thru_hole circle (at 2.54 0) (size 1.8 1.8) (drill 0.9) (layers *.Cu *.Mask)
      (net 2 "Net-(D1-Pad2)"))
    (pad 1 thru_hole rect (at 0 0) (size 1.8 1.8) (drill 0.9) (layers *.Cu *.Mask)
      (net 7 "Net-(D14-Pad1)"))
    (model ${KISYS3DMOD}/LED_THT.3dshapes/LED_D3.0mm.wrl
      (at (xyz 0 0 0))
      (scale (xyz 1 1 1))
      (rotate (xyz 0 0 0))
    )
  )

  (module LED_THT:LED_D3.0mm (layer B.Cu) (tedit 587A3A7B) (tstamp 5F8FF831)
    (at 98.806 57.658)
    (descr "LED, diameter 3.0mm, 2 pins")
    (tags "LED diameter 3.0mm 2 pins")
    (path /545FB672)
    (fp_text reference D7 (at 1.27 2.96) (layer B.SilkS)
      (effects (font (size 1 1) (thickness 0.15)) (justify mirror))
    )
    (fp_text value LED (at 1.27 -2.96) (layer B.Fab)
      (effects (font (size 1 1) (thickness 0.15)) (justify mirror))
    )
    (fp_line (start 3.7 2.25) (end -1.15 2.25) (layer B.CrtYd) (width 0.05))
    (fp_line (start 3.7 -2.25) (end 3.7 2.25) (layer B.CrtYd) (width 0.05))
    (fp_line (start -1.15 -2.25) (end 3.7 -2.25) (layer B.CrtYd) (width 0.05))
    (fp_line (start -1.15 2.25) (end -1.15 -2.25) (layer B.CrtYd) (width 0.05))
    (fp_line (start -0.29 -1.08) (end -0.29 -1.236) (layer B.SilkS) (width 0.12))
    (fp_line (start -0.29 1.236) (end -0.29 1.08) (layer B.SilkS) (width 0.12))
    (fp_line (start -0.23 1.16619) (end -0.23 -1.16619) (layer B.Fab) (width 0.1))
    (fp_circle (center 1.27 0) (end 2.77 0) (layer B.Fab) (width 0.1))
    (fp_arc (start 1.27 0) (end -0.23 1.16619) (angle -284.3) (layer B.Fab) (width 0.1))
    (fp_arc (start 1.27 0) (end -0.29 1.235516) (angle -108.8) (layer B.SilkS) (width 0.12))
    (fp_arc (start 1.27 0) (end -0.29 -1.235516) (angle 108.8) (layer B.SilkS) (width 0.12))
    (fp_arc (start 1.27 0) (end 0.229039 1.08) (angle -87.9) (layer B.SilkS) (width 0.12))
    (fp_arc (start 1.27 0) (end 0.229039 -1.08) (angle 87.9) (layer B.SilkS) (width 0.12))
    (pad 1 thru_hole rect (at 0 0) (size 1.8 1.8) (drill 0.9) (layers *.Cu *.Mask)
      (net 8 "Net-(D15-Pad1)"))
    (pad 2 thru_hole circle (at 2.54 0) (size 1.8 1.8) (drill 0.9) (layers *.Cu *.Mask)
      (net 2 "Net-(D1-Pad2)"))
    (model ${KISYS3DMOD}/LED_THT.3dshapes/LED_D3.0mm.wrl
      (at (xyz 0 0 0))
      (scale (xyz 1 1 1))
      (rotate (xyz 0 0 0))
    )
  )

  (module LED_THT:LED_D3.0mm (layer B.Cu) (tedit 587A3A7B) (tstamp 5F8FF843)
    (at 98.806 62.103)
    (descr "LED, diameter 3.0mm, 2 pins")
    (tags "LED diameter 3.0mm 2 pins")
    (path /545FB66C)
    (fp_text reference D8 (at 1.27 2.96) (layer B.SilkS)
      (effects (font (size 1 1) (thickness 0.15)) (justify mirror))
    )
    (fp_text value LED (at 1.27 -2.96) (layer B.Fab)
      (effects (font (size 1 1) (thickness 0.15)) (justify mirror))
    )
    (fp_circle (center 1.27 0) (end 2.77 0) (layer B.Fab) (width 0.1))
    (fp_line (start -0.23 1.16619) (end -0.23 -1.16619) (layer B.Fab) (width 0.1))
    (fp_line (start -0.29 1.236) (end -0.29 1.08) (layer B.SilkS) (width 0.12))
    (fp_line (start -0.29 -1.08) (end -0.29 -1.236) (layer B.SilkS) (width 0.12))
    (fp_line (start -1.15 2.25) (end -1.15 -2.25) (layer B.CrtYd) (width 0.05))
    (fp_line (start -1.15 -2.25) (end 3.7 -2.25) (layer B.CrtYd) (width 0.05))
    (fp_line (start 3.7 -2.25) (end 3.7 2.25) (layer B.CrtYd) (width 0.05))
    (fp_line (start 3.7 2.25) (end -1.15 2.25) (layer B.CrtYd) (width 0.05))
    (fp_arc (start 1.27 0) (end 0.229039 -1.08) (angle 87.9) (layer B.SilkS) (width 0.12))
    (fp_arc (start 1.27 0) (end 0.229039 1.08) (angle -87.9) (layer B.SilkS) (width 0.12))
    (fp_arc (start 1.27 0) (end -0.29 -1.235516) (angle 108.8) (layer B.SilkS) (width 0.12))
    (fp_arc (start 1.27 0) (end -0.29 1.235516) (angle -108.8) (layer B.SilkS) (width 0.12))
    (fp_arc (start 1.27 0) (end -0.23 1.16619) (angle -284.3) (layer B.Fab) (width 0.1))
    (pad 2 thru_hole circle (at 2.54 0) (size 1.8 1.8) (drill 0.9) (layers *.Cu *.Mask)
      (net 2 "Net-(D1-Pad2)"))
    (pad 1 thru_hole rect (at 0 0) (size 1.8 1.8) (drill 0.9) (layers *.Cu *.Mask)
      (net 9 "Net-(D16-Pad1)"))
    (model ${KISYS3DMOD}/LED_THT.3dshapes/LED_D3.0mm.wrl
      (at (xyz 0 0 0))
      (scale (xyz 1 1 1))
      (rotate (xyz 0 0 0))
    )
  )

  (module LED_THT:LED_D3.0mm (layer B.Cu) (tedit 587A3A7B) (tstamp 5F8FF855)
    (at 98.806 66.9)
    (descr "LED, diameter 3.0mm, 2 pins")
    (tags "LED diameter 3.0mm 2 pins")
    (path /545FB6B5)
    (fp_text reference D9 (at 1.27 2.96) (layer B.SilkS)
      (effects (font (size 1 1) (thickness 0.15)) (justify mirror))
    )
    (fp_text value LED (at 1.27 -2.96) (layer B.Fab)
      (effects (font (size 1 1) (thickness 0.15)) (justify mirror))
    )
    (fp_circle (center 1.27 0) (end 2.77 0) (layer B.Fab) (width 0.1))
    (fp_line (start -0.23 1.16619) (end -0.23 -1.16619) (layer B.Fab) (width 0.1))
    (fp_line (start -0.29 1.236) (end -0.29 1.08) (layer B.SilkS) (width 0.12))
    (fp_line (start -0.29 -1.08) (end -0.29 -1.236) (layer B.SilkS) (width 0.12))
    (fp_line (start -1.15 2.25) (end -1.15 -2.25) (layer B.CrtYd) (width 0.05))
    (fp_line (start -1.15 -2.25) (end 3.7 -2.25) (layer B.CrtYd) (width 0.05))
    (fp_line (start 3.7 -2.25) (end 3.7 2.25) (layer B.CrtYd) (width 0.05))
    (fp_line (start 3.7 2.25) (end -1.15 2.25) (layer B.CrtYd) (width 0.05))
    (fp_arc (start 1.27 0) (end 0.229039 -1.08) (angle 87.9) (layer B.SilkS) (width 0.12))
    (fp_arc (start 1.27 0) (end 0.229039 1.08) (angle -87.9) (layer B.SilkS) (width 0.12))
    (fp_arc (start 1.27 0) (end -0.29 -1.235516) (angle 108.8) (layer B.SilkS) (width 0.12))
    (fp_arc (start 1.27 0) (end -0.29 1.235516) (angle -108.8) (layer B.SilkS) (width 0.12))
    (fp_arc (start 1.27 0) (end -0.23 1.16619) (angle -284.3) (layer B.Fab) (width 0.1))
    (pad 2 thru_hole circle (at 2.54 0) (size 1.8 1.8) (drill 0.9) (layers *.Cu *.Mask)
      (net 10 "Net-(D10-Pad2)"))
    (pad 1 thru_hole rect (at 0 0) (size 1.8 1.8) (drill 0.9) (layers *.Cu *.Mask)
      (net 1 "Net-(D1-Pad1)"))
    (model ${KISYS3DMOD}/LED_THT.3dshapes/LED_D3.0mm.wrl
      (at (xyz 0 0 0))
      (scale (xyz 1 1 1))
      (rotate (xyz 0 0 0))
    )
  )

  (module LED_THT:LED_D3.0mm (layer B.Cu) (tedit 587A3A7B) (tstamp 5F8FF867)
    (at 98.806 71.5)
    (descr "LED, diameter 3.0mm, 2 pins")
    (tags "LED diameter 3.0mm 2 pins")
    (path /545FB6AF)
    (fp_text reference D10 (at 1.27 2.96) (layer B.SilkS)
      (effects (font (size 1 1) (thickness 0.15)) (justify mirror))
    )
    (fp_text value LED (at 1.27 -2.96) (layer B.Fab)
      (effects (font (size 1 1) (thickness 0.15)) (justify mirror))
    )
    (fp_line (start 3.7 2.25) (end -1.15 2.25) (layer B.CrtYd) (width 0.05))
    (fp_line (start 3.7 -2.25) (end 3.7 2.25) (layer B.CrtYd) (width 0.05))
    (fp_line (start -1.15 -2.25) (end 3.7 -2.25) (layer B.CrtYd) (width 0.05))
    (fp_line (start -1.15 2.25) (end -1.15 -2.25) (layer B.CrtYd) (width 0.05))
    (fp_line (start -0.29 -1.08) (end -0.29 -1.236) (layer B.SilkS) (width 0.12))
    (fp_line (start -0.29 1.236) (end -0.29 1.08) (layer B.SilkS) (width 0.12))
    (fp_line (start -0.23 1.16619) (end -0.23 -1.16619) (layer B.Fab) (width 0.1))
    (fp_circle (center 1.27 0) (end 2.77 0) (layer B.Fab) (width 0.1))
    (fp_arc (start 1.27 0) (end -0.23 1.16619) (angle -284.3) (layer B.Fab) (width 0.1))
    (fp_arc (start 1.27 0) (end -0.29 1.235516) (angle -108.8) (layer B.SilkS) (width 0.12))
    (fp_arc (start 1.27 0) (end -0.29 -1.235516) (angle 108.8) (layer B.SilkS) (width 0.12))
    (fp_arc (start 1.27 0) (end 0.229039 1.08) (angle -87.9) (layer B.SilkS) (width 0.12))
    (fp_arc (start 1.27 0) (end 0.229039 -1.08) (angle 87.9) (layer B.SilkS) (width 0.12))
    (pad 1 thru_hole rect (at 0 0) (size 1.8 1.8) (drill 0.9) (layers *.Cu *.Mask)
      (net 3 "Net-(D10-Pad1)"))
    (pad 2 thru_hole circle (at 2.54 0) (size 1.8 1.8) (drill 0.9) (layers *.Cu *.Mask)
      (net 10 "Net-(D10-Pad2)"))
    (model ${KISYS3DMOD}/LED_THT.3dshapes/LED_D3.0mm.wrl
      (at (xyz 0 0 0))
      (scale (xyz 1 1 1))
      (rotate (xyz 0 0 0))
    )
  )

  (module LED_THT:LED_D3.0mm (layer B.Cu) (tedit 587A3A7B) (tstamp 5F8FF879)
    (at 98.806 76.1)
    (descr "LED, diameter 3.0mm, 2 pins")
    (tags "LED diameter 3.0mm 2 pins")
    (path /545FB697)
    (fp_text reference D11 (at 1.27 2.96) (layer B.SilkS)
      (effects (font (size 1 1) (thickness 0.15)) (justify mirror))
    )
    (fp_text value LED (at 1.27 -2.96) (layer B.Fab)
      (effects (font (size 1 1) (thickness 0.15)) (justify mirror))
    )
    (fp_line (start 3.7 2.25) (end -1.15 2.25) (layer B.CrtYd) (width 0.05))
    (fp_line (start 3.7 -2.25) (end 3.7 2.25) (layer B.CrtYd) (width 0.05))
    (fp_line (start -1.15 -2.25) (end 3.7 -2.25) (layer B.CrtYd) (width 0.05))
    (fp_line (start -1.15 2.25) (end -1.15 -2.25) (layer B.CrtYd) (width 0.05))
    (fp_line (start -0.29 -1.08) (end -0.29 -1.236) (layer B.SilkS) (width 0.12))
    (fp_line (start -0.29 1.236) (end -0.29 1.08) (layer B.SilkS) (width 0.12))
    (fp_line (start -0.23 1.16619) (end -0.23 -1.16619) (layer B.Fab) (width 0.1))
    (fp_circle (center 1.27 0) (end 2.77 0) (layer B.Fab) (width 0.1))
    (fp_arc (start 1.27 0) (end -0.23 1.16619) (angle -284.3) (layer B.Fab) (width 0.1))
    (fp_arc (start 1.27 0) (end -0.29 1.235516) (angle -108.8) (layer B.SilkS) (width 0.12))
    (fp_arc (start 1.27 0) (end -0.29 -1.235516) (angle 108.8) (layer B.SilkS) (width 0.12))
    (fp_arc (start 1.27 0) (end 0.229039 1.08) (angle -87.9) (layer B.SilkS) (width 0.12))
    (fp_arc (start 1.27 0) (end 0.229039 -1.08) (angle 87.9) (layer B.SilkS) (width 0.12))
    (pad 1 thru_hole rect (at 0 0) (size 1.8 1.8) (drill 0.9) (layers *.Cu *.Mask)
      (net 4 "Net-(D11-Pad1)"))
    (pad 2 thru_hole circle (at 2.54 0) (size 1.8 1.8) (drill 0.9) (layers *.Cu *.Mask)
      (net 10 "Net-(D10-Pad2)"))
    (model ${KISYS3DMOD}/LED_THT.3dshapes/LED_D3.0mm.wrl
      (at (xyz 0 0 0))
      (scale (xyz 1 1 1))
      (rotate (xyz 0 0 0))
    )
  )

  (module LED_THT:LED_D3.0mm (layer B.Cu) (tedit 587A3A7B) (tstamp 5F8FF88B)
    (at 98.806 80.8)
    (descr "LED, diameter 3.0mm, 2 pins")
    (tags "LED diameter 3.0mm 2 pins")
    (path /545FB691)
    (fp_text reference D12 (at 1.27 2.96) (layer B.SilkS)
      (effects (font (size 1 1) (thickness 0.15)) (justify mirror))
    )
    (fp_text value LED (at 1.27 -2.96) (layer B.Fab)
      (effects (font (size 1 1) (thickness 0.15)) (justify mirror))
    )
    (fp_circle (center 1.27 0) (end 2.77 0) (layer B.Fab) (width 0.1))
    (fp_line (start -0.23 1.16619) (end -0.23 -1.16619) (layer B.Fab) (width 0.1))
    (fp_line (start -0.29 1.236) (end -0.29 1.08) (layer B.SilkS) (width 0.12))
    (fp_line (start -0.29 -1.08) (end -0.29 -1.236) (layer B.SilkS) (width 0.12))
    (fp_line (start -1.15 2.25) (end -1.15 -2.25) (layer B.CrtYd) (width 0.05))
    (fp_line (start -1.15 -2.25) (end 3.7 -2.25) (layer B.CrtYd) (width 0.05))
    (fp_line (start 3.7 -2.25) (end 3.7 2.25) (layer B.CrtYd) (width 0.05))
    (fp_line (start 3.7 2.25) (end -1.15 2.25) (layer B.CrtYd) (width 0.05))
    (fp_arc (start 1.27 0) (end 0.229039 -1.08) (angle 87.9) (layer B.SilkS) (width 0.12))
    (fp_arc (start 1.27 0) (end 0.229039 1.08) (angle -87.9) (layer B.SilkS) (width 0.12))
    (fp_arc (start 1.27 0) (end -0.29 -1.235516) (angle 108.8) (layer B.SilkS) (width 0.12))
    (fp_arc (start 1.27 0) (end -0.29 1.235516) (angle -108.8) (layer B.SilkS) (width 0.12))
    (fp_arc (start 1.27 0) (end -0.23 1.16619) (angle -284.3) (layer B.Fab) (width 0.1))
    (pad 2 thru_hole circle (at 2.54 0) (size 1.8 1.8) (drill 0.9) (layers *.Cu *.Mask)
      (net 10 "Net-(D10-Pad2)"))
    (pad 1 thru_hole rect (at 0 0) (size 1.8 1.8) (drill 0.9) (layers *.Cu *.Mask)
      (net 5 "Net-(D12-Pad1)"))
    (model ${KISYS3DMOD}/LED_THT.3dshapes/LED_D3.0mm.wrl
      (at (xyz 0 0 0))
      (scale (xyz 1 1 1))
      (rotate (xyz 0 0 0))
    )
  )

  (module LED_THT:LED_D3.0mm (layer B.Cu) (tedit 587A3A7B) (tstamp 5F8FF89D)
    (at 98.933 85.4)
    (descr "LED, diameter 3.0mm, 2 pins")
    (tags "LED diameter 3.0mm 2 pins")
    (path /545FB68B)
