(kicad_pcb (version 20171130) (host pcbnew "(5.1.7)-1")

  (general
    (thickness 1.6)
    (drawings 21)
    (tracks 464)
    (zones 0)
    (modules 43)
    (nets 24)
  )

  (page A3)
  (layers
    (0 F.Cu signal)
    (31 B.Cu signal)
    (32 B.Adhes user)
    (33 F.Adhes user)
    (34 B.Paste user)
    (35 F.Paste user)
    (36 B.SilkS user)
    (37 F.SilkS user)
    (38 B.Mask user)
    (39 F.Mask user)
    (40 Dwgs.User user)
    (41 Cmts.User user)
    (42 Eco1.User user)
    (43 Eco2.User user hide)
    (44 Edge.Cuts user)
  )

  (setup
    (last_trace_width 0.4)
    (trace_clearance 0.3)
    (zone_clearance 0.508)
    (zone_45_only no)
    (trace_min 0.254)
    (via_size 1.4)
    (via_drill 0.7)
    (via_min_size 0.889)
    (via_min_drill 0.508)
    (uvia_size 0.508)
    (uvia_drill 0.127)
    (uvias_allowed no)
    (uvia_min_size 0.508)
    (uvia_min_drill 0.127)
    (edge_width 0.1)
    (segment_width 0.2)
    (pcb_text_width 0.3)
    (pcb_text_size 1.5 1.5)
    (mod_edge_width 0.15)
    (mod_text_size 1 1)
    (mod_text_width 0.15)
    (pad_size 1.524 1.524)
    (pad_drill 0)
    (pad_to_mask_clearance 0)
    (aux_axis_origin 0 0)
    (visible_elements 7FFFFFFF)
    (pcbplotparams
      (layerselection 0x010c0_ffffffff)
      (usegerberextensions false)
      (usegerberattributes true)
      (usegerberadvancedattributes true)
      (creategerberjobfile true)
      (excludeedgelayer true)
      (linewidth 0.150000)
      (plotframeref false)
      (viasonmask false)
      (mode 1)
      (useauxorigin false)
      (hpglpennumber 1)
      (hpglpenspeed 20)
      (hpglpendiameter 15.000000)
      (psnegative false)
      (psa4output false)
      (plotreference true)
      (plotvalue true)
      (plotinvisibletext false)
      (padsonsilk false)
      (subtractmaskfromsilk false)
      (outputformat 1)
      (mirror false)
      (drillshape 0)
      (scaleselection 1)
      (outputdirectory "./gerberit/"))
  )

  (net 0 "")
  (net 1 "Net-(D1-Pad1)")
  (net 2 "Net-(D1-Pad2)")
  (net 3 "Net-(D10-Pad1)")
  (net 4 "Net-(D11-Pad1)")
  (net 5 "Net-(D12-Pad1)")
  (net 6 "Net-(D13-Pad1)")
  (net 7 "Net-(D14-Pad1)")
  (net 8 "Net-(D15-Pad1)")
  (net 9 "Net-(D16-Pad1)")
  (net 10 "Net-(D10-Pad2)")
  (net 11 "Net-(D17-Pad2)")
  (net 12 "Net-(D25-Pad2)")
  (net 13 "Net-(F1-Pad2)")
  (net 14 "Net-(IC1-Pad17)")
  (net 15 "Net-(IC1-Pad18)")
  (net 16 "Net-(IC1-Pad19)")
  (net 17 "Net-(IC1-Pad20)")
  (net 18 "Net-(IC1-Pad1)")
  (net 19 "Net-(IC1-Pad2)")
  (net 20 "Net-(IC1-Pad9)")
  (net 21 "Net-(IC1-Pad10)")
  (net 22 VCC)
  (net 23 GND)

  (net_class Default "This is the default net class."
    (clearance 0.3)
    (trace_width 0.4)
    (via_dia 1.4)
    (via_drill 0.7)
    (uvia_dia 0.508)
    (uvia_drill 0.127)
    (add_net GND)
    (add_net "Net-(D1-Pad1)")
    (add_net "Net-(D1-Pad2)")
    (add_net "Net-(D10-Pad1)")
    (add_net "Net-(D10-Pad2)")
    (add_net "Net-(D11-Pad1)")
    (add_net "Net-(D12-Pad1)")
    (add_net "Net-(D13-Pad1)")
    (add_net "Net-(D14-Pad1)")
    (add_net "Net-(D15-Pad1)")
    (add_net "Net-(D16-Pad1)")
    (add_net "Net-(D17-Pad2)")
    (add_net "Net-(D25-Pad2)")
    (add_net "Net-(F1-Pad2)")
    (add_net "Net-(IC1-Pad1)")
    (add_net "Net-(IC1-Pad10)")
    (add_net "Net-(IC1-Pad17)")
    (add_net "Net-(IC1-Pad18)")
    (add_net "Net-(IC1-Pad19)")
    (add_net "Net-(IC1-Pad2)")
    (add_net "Net-(IC1-Pad20)")
    (add_net "Net-(IC1-Pad9)")
    (add_net VCC)
  )

  (net_class joo ""
    (clearance 0.3)
    (trace_width 0.4)
    (via_dia 1.4)
    (via_drill 0.7)
    (uvia_dia 0.508)
    (uvia_drill 0.127)
  )

  (module Resistor_SMD:R_1210_3225Metric_Pad1.30x2.65mm_HandSolder (layer F.Cu) (tedit 5F68FEEE) (tstamp 5F905DA1)
    (at 90.21 79.45 270)
    (descr "Resistor SMD 1210 (3225 Metric), square (rectangular) end terminal, IPC_7351 nominal with elongated pad for handsoldering. (Body size source: IPC-SM-782 page 72, https://www.pcb-3d.com/wordpress/wp-content/uploads/ipc-sm-782a_amendment_1_and_2.pdf), generated with kicad-footprint-generator")
    (tags "resistor handsolder")
    (path /545FBE6F)
    (attr smd)
    (fp_text reference R3 (at 0 -2.28 90) (layer F.SilkS)
      (effects (font (size 1 1) (thickness 0.15)))
    )
    (fp_text value 110 (at 0 2.28 90) (layer F.Fab)
      (effects (font (size 1 1) (thickness 0.15)))
    )
    (fp_line (start 2.45 1.58) (end -2.45 1.58) (layer F.CrtYd) (width 0.05))
    (fp_line (start 2.45 -1.58) (end 2.45 1.58) (layer F.CrtYd) (width 0.05))
    (fp_line (start -2.45 -1.58) (end 2.45 -1.58) (layer F.CrtYd) (width 0.05))
    (fp_line (start -2.45 1.58) (end -2.45 -1.58) (layer F.CrtYd) (width 0.05))
    (fp_line (start -0.723737 1.355) (end 0.723737 1.355) (layer F.SilkS) (width 0.12))
    (fp_line (start -0.723737 -1.355) (end 0.723737 -1.355) (layer F.SilkS) (width 0.12))
    (fp_line (start 1.6 1.245) (end -1.6 1.245) (layer F.Fab) (width 0.1))
    (fp_line (start 1.6 -1.245) (end 1.6 1.245) (layer F.Fab) (width 0.1))
    (fp_line (start -1.6 -1.245) (end 1.6 -1.245) (layer F.Fab) (width 0.1))
    (fp_line (start -1.6 1.245) (end -1.6 -1.245) (layer F.Fab) (width 0.1))
    (fp_text user %R (at 0 0 90) (layer F.Fab)
      (effects (font (size 0.8 0.8) (thickness 0.12)))
    )
    (pad 1 smd roundrect (at -1.55 0 270) (size 1.3 2.65) (layers F.Cu F.Paste F.Mask) (roundrect_rratio 0.192308)
      (net 15 "Net-(IC1-Pad18)"))
    (pad 2 smd roundrect (at 1.55 0 270) (size 1.3 2.65) (layers F.Cu F.Paste F.Mask) (roundrect_rratio 0.192308)
      (net 11 "Net-(D17-Pad2)"))
    (model ${KISYS3DMOD}/Resistor_SMD.3dshapes/R_1210_3225Metric.wrl
      (at (xyz 0 0 0))
      (scale (xyz 1 1 1))
      (rotate (xyz 0 0 0))
    )
  )

  (module LED_THT:LED_D3.0mm (layer B.Cu) (tedit 587A3A7B) (tstamp 5FB39B02)
    (at 88.39 63.07 180)
    (descr "LED, diameter 3.0mm, 2 pins")
    (tags "LED diameter 3.0mm 2 pins")
    (path /545FB6BB)
    (fp_text reference D21 (at 1.27 2.96) (layer B.SilkS)
      (effects (font (size 1 1) (thickness 0.15)) (justify mirror))
    )
    (fp_text value LED (at 1.27 -2.96) (layer B.Fab)
      (effects (font (size 1 1) (thickness 0.15)) (justify mirror))
    )
    (fp_line (start 3.7 2.25) (end -1.15 2.25) (layer B.CrtYd) (width 0.05))
    (fp_line (start 3.7 -2.25) (end 3.7 2.25) (layer B.CrtYd) (width 0.05))
    (fp_line (start -1.15 -2.25) (end 3.7 -2.25) (layer B.CrtYd) (width 0.05))
    (fp_line (start -1.15 2.25) (end -1.15 -2.25) (layer B.CrtYd) (width 0.05))
    (fp_line (start -0.29 -1.08) (end -0.29 -1.236) (layer B.SilkS) (width 0.12))
    (fp_line (start -0.29 1.236) (end -0.29 1.08) (layer B.SilkS) (width 0.12))
    (fp_line (start -0.23 1.16619) (end -0.23 -1.16619) (layer B.Fab) (width 0.1))
    (fp_circle (center 1.27 0) (end 2.77 0) (layer B.Fab) (width 0.1))
    (fp_arc (start 1.27 0) (end -0.23 1.16619) (angle -284.3) (layer B.Fab) (width 0.1))
    (fp_arc (start 1.27 0) (end -0.29 1.235516) (angle -108.8) (layer B.SilkS) (width 0.12))
    (fp_arc (start 1.27 0) (end -0.29 -1.235516) (angle 108.8) (layer B.SilkS) (width 0.12))
    (fp_arc (start 1.27 0) (end 0.229039 1.08) (angle -87.9) (layer B.SilkS) (width 0.12))
    (fp_arc (start 1.27 0) (end 0.229039 -1.08) (angle 87.9) (layer B.SilkS) (width 0.12))
    (pad 1 thru_hole rect (at 0 0 180) (size 1.8 1.8) (drill 0.9) (layers *.Cu *.Mask)
      (net 6 "Net-(D13-Pad1)"))
    (pad 2 thru_hole circle (at 2.54 0 180) (size 1.8 1.8) (drill 0.9) (layers *.Cu *.Mask)
      (net 11 "Net-(D17-Pad2)"))
    (model ${KISYS3DMOD}/LED_THT.3dshapes/LED_D3.0mm.wrl
      (at (xyz 0 0 0))
      (scale (xyz 1 1 1))
      (rotate (xyz 0 0 0))
    )
  )

  (module prose:logo_prose (layer F.Cu) (tedit 0) (tstamp 5FB380DD)
    (at 68.01 73.43)
    (fp_text reference G*** (at 0 0) (layer F.SilkS) hide
      (effects (font (size 1.524 1.524) (thickness 0.3)))
    )
    (fp_text value LOGO (at 0.75 0) (layer F.SilkS) hide
      (effects (font (size 1.524 1.524) (thickness 0.3)))
    )
    (fp_poly (pts (xy -5.108054 0.943311) (xy -3.298505 0.943526) (xy -2.938685 0.943579) (xy 15.961234 0.946417)
      (xy 18.940247 6.099106) (xy 19.367652 6.83885) (xy 19.777129 7.548491) (xy 20.164315 8.220416)
      (xy 20.524848 8.847012) (xy 20.854363 9.420665) (xy 21.148498 9.933762) (xy 21.40289 10.37869)
      (xy 21.613177 10.747834) (xy 21.774994 11.033581) (xy 21.88398 11.228318) (xy 21.935772 11.324432)
      (xy 21.93951 11.332919) (xy 21.922746 11.342258) (xy 21.864743 11.350938) (xy 21.761185 11.35899)
      (xy 21.607754 11.366444) (xy 21.400132 11.37333) (xy 21.134002 11.379678) (xy 20.805047 11.385518)
      (xy 20.408949 11.39088) (xy 19.94139 11.395794) (xy 19.398054 11.400291) (xy 18.774622 11.4044)
      (xy 18.066778 11.408152) (xy 17.270204 11.411576) (xy 16.380583 11.414703) (xy 15.393596 11.417562)
      (xy 14.304927 11.420185) (xy 13.110259 11.422601) (xy 11.805273 11.424839) (xy 10.385653 11.426931)
      (xy 8.847081 11.428906) (xy 8.030337 11.429861) (xy -5.899088 11.445679) (xy -2.892133 16.635432)
      (xy 0.114821 21.825185) (xy -7.830965 21.825185) (xy -7.951096 21.652716) (xy -8.038156 21.525914)
      (xy -8.188094 21.305356) (xy -8.396835 20.997108) (xy -8.660303 20.607237) (xy -8.974422 20.141808)
      (xy -9.335116 19.606887) (xy -9.738311 19.008542) (xy -10.179929 18.352839) (xy -10.655895 17.645843)
      (xy -11.162133 16.893622) (xy -11.694567 16.102241) (xy -12.249122 15.277766) (xy -12.821721 14.426265)
      (xy -13.408289 13.553803) (xy -14.00475 12.666447) (xy -14.607028 11.770262) (xy -15.211048 10.871316)
      (xy -15.812733 9.975675) (xy -16.408007 9.089404) (xy -16.992795 8.218571) (xy -17.563021 7.369241)
      (xy -18.114609 6.54748) (xy -18.643484 5.759356) (xy -19.145569 5.010934) (xy -19.616788 4.308281)
      (xy -20.053066 3.657463) (xy -20.450327 3.064547) (xy -20.804496 2.535597) (xy -21.111495 2.076682)
      (xy -21.36725 1.693867) (xy -21.567684 1.393219) (xy -21.708723 1.180803) (xy -21.786289 1.062687)
      (xy -21.800693 1.039538) (xy -21.796694 1.029957) (xy -21.774368 1.021012) (xy -21.729626 1.012684)
      (xy -21.658377 1.004951) (xy -21.556534 0.997793) (xy -21.420005 0.991188) (xy -21.244703 0.985116)
      (xy -21.026538 0.979556) (xy -20.76142 0.974487) (xy -20.44526 0.969889) (xy -20.073968 0.96574)
      (xy -19.643456 0.96202) (xy -19.149633 0.958708) (xy -18.588411 0.955783) (xy -17.9557 0.953224)
      (xy -17.247411 0.951011) (xy -16.459454 0.949123) (xy -15.58774 0.947539) (xy -14.62818 0.946238)
      (xy -13.576684 0.945199) (xy -12.429163 0.944402) (xy -11.181528 0.943825) (xy -9.829688 0.943449)
      (xy -8.369556 0.943251) (xy -6.797041 0.943212) (xy -5.108054 0.943311)) (layer Eco2.User) (width 0.01))
    (fp_poly (pts (xy -2.89262 -16.761327) (xy -5.899419 -11.571111) (xy 8.032255 -11.555293) (xy 9.591494 -11.553489)
      (xy 11.030121 -11.551729) (xy 12.352958 -11.549968) (xy 13.564828 -11.548165) (xy 14.67055 -11.546274)
      (xy 15.674946 -11.544253) (xy 16.582837 -11.542059) (xy 17.399045 -11.539646) (xy 18.128391 -11.536973)
      (xy 18.775696 -11.533995) (xy 19.345781 -11.53067) (xy 19.843468 -11.526952) (xy 20.273577 -11.522799)
      (xy 20.640931 -11.518168) (xy 20.950349 -11.513014) (xy 21.206654 -11.507295) (xy 21.414667 -11.500966)
      (xy 21.579208 -11.493985) (xy 21.7051 -11.486307) (xy 21.797163 -11.477889) (xy 21.860218 -11.468688)
      (xy 21.899087 -11.45866) (xy 21.918592 -11.447761) (xy 21.923552 -11.435948) (xy 21.922153 -11.429861)
      (xy 21.885363 -11.360797) (xy 21.790177 -11.190855) (xy 21.641007 -10.92773) (xy 21.442266 -10.579119)
      (xy 21.198369 -10.152716) (xy 20.913726 -9.656217) (xy 20.592752 -9.097318) (xy 20.23986 -8.483714)
      (xy 19.859462 -7.823101) (xy 19.455971 -7.123175) (xy 19.0338 -6.39163) (xy 18.920805 -6.195961)
      (xy 15.961234 -1.071674) (xy -2.931976 -1.068924) (xy -4.463053 -1.068872) (xy -5.96142 -1.069159)
      (xy -7.422237 -1.069772) (xy -8.840668 -1.070699) (xy -10.211874 -1.071926) (xy -11.531019 -1.073441)
      (xy -12.793263 -1.075231) (xy -13.993771 -1.077283) (xy -15.127703 -1.079585) (xy -16.190223 -1.082125)
      (xy -17.176493 -1.084889) (xy -18.081675 -1.087864) (xy -18.900931 -1.091039) (xy -19.629424 -1.0944)
      (xy -20.262317 -1.097935) (xy -20.794771 -1.101631) (xy -21.221949 -1.105475) (xy -21.539013 -1.109455)
      (xy -21.741126 -1.113557) (xy -21.823451 -1.11777) (xy -21.825185 -1.118481) (xy -21.790688 -1.174923)
      (xy -21.689411 -1.330415) (xy -21.52468 -1.579994) (xy -21.299819 -1.918697) (xy -21.018153 -2.341562)
      (xy -20.683005 -2.843624) (xy -20.297701 -3.419922) (xy -19.865564 -4.065492) (xy -19.38992 -4.775371)
      (xy -18.874093 -5.544597) (xy -18.321407 -6.368206) (xy -17.735187 -7.241235) (xy -17.118757 -8.158722)
      (xy -16.475442 -9.115703) (xy -15.808566 -10.107216) (xy -15.121453 -11.128297) (xy -14.840928 -11.545025)
      (xy -7.85667 -21.919259) (xy -3.871246 -21.935401) (xy 0.114179 -21.951541) (xy -2.89262 -16.761327)) (layer Eco2.User) (width 0.01))
  )

  (module LED_THT:LED_D3.0mm (layer B.Cu) (tedit 587A3A7B) (tstamp 5F8FF8F7)
    (at 85.58 78.18 180)
    (descr "LED, diameter 3.0mm, 2 pins")
    (tags "LED diameter 3.0mm 2 pins")
    (path /545FB6DF)
    (fp_text reference D18 (at 1.27 2.96) (layer B.SilkS)
      (effects (font (size 1 1) (thickness 0.15)) (justify mirror))
    )
    (fp_text value LED (at 1.27 -2.96) (layer B.Fab)
      (effects (font (size 1 1) (thickness 0.15)) (justify mirror))
    )
    (fp_circle (center 1.27 0) (end 2.77 0) (layer B.Fab) (width 0.1))
    (fp_line (start -0.23 1.16619) (end -0.23 -1.16619) (layer B.Fab) (width 0.1))
    (fp_line (start -0.29 1.236) (end -0.29 1.08) (layer B.SilkS) (width 0.12))
    (fp_line (start -0.29 -1.08) (end -0.29 -1.236) (layer B.SilkS) (width 0.12))
    (fp_line (start -1.15 2.25) (end -1.15 -2.25) (layer B.CrtYd) (width 0.05))
    (fp_line (start -1.15 -2.25) (end 3.7 -2.25) (layer B.CrtYd) (width 0.05))
    (fp_line (start 3.7 -2.25) (end 3.7 2.25) (layer B.CrtYd) (width 0.05))
    (fp_line (start 3.7 2.25) (end -1.15 2.25) (layer B.CrtYd) (width 0.05))
    (fp_arc (start 1.27 0) (end 0.229039 -1.08) (angle 87.9) (layer B.SilkS) (width 0.12))
    (fp_arc (start 1.27 0) (end 0.229039 1.08) (angle -87.9) (layer B.SilkS) (width 0.12))
    (fp_arc (start 1.27 0) (end -0.29 -1.235516) (angle 108.8) (layer B.SilkS) (width 0.12))
    (fp_arc (start 1.27 0) (end -0.29 1.235516) (angle -108.8) (layer B.SilkS) (width 0.12))
    (fp_arc (start 1.27 0) (end -0.23 1.16619) (angle -284.3) (layer B.Fab) (width 0.1))
    (pad 2 thru_hole circle (at 2.54 0 180) (size 1.8 1.8) (drill 0.9) (layers *.Cu *.Mask)
      (net 11 "Net-(D17-Pad2)"))
    (pad 1 thru_hole rect (at 0 0 180) (size 1.8 1.8) (drill 0.9) (layers *.Cu *.Mask)
      (net 3 "Net-(D10-Pad1)"))
    (model ${KISYS3DMOD}/LED_THT.3dshapes/LED_D3.0mm.wrl
      (at (xyz 0 0 0))
      (scale (xyz 1 1 1))
      (rotate (xyz 0 0 0))
    )
  )

  (module uusi_possu:SO-20_12.8x7.5mm_P1.27mm_extended (layer F.Cu) (tedit 5F92879C) (tstamp 5F92EC6E)
    (at 80.17 95.79 180)
    (descr "SO-20, 12.8x7.5mm, https://www.nxp.com/docs/en/data-sheet/SA605.pdf")
    (tags "S0-20 ")
    (path /545FB5CE)
    (attr smd)
    (fp_text reference IC1 (at -3.69 -7.42 180) (layer F.SilkS)
      (effects (font (size 1 1) (thickness 0.15)))
    )
    (fp_text value ATTINY861-S (at 0 7.99 180) (layer F.Fab)
      (effects (font (size 1 1) (thickness 0.15)))
    )
    (fp_line (start -5.7 6.7) (end -5.7 -6.7) (layer F.CrtYd) (width 0.05))
    (fp_line (start 5.7 6.7) (end -5.7 6.7) (layer F.CrtYd) (width 0.05))
    (fp_line (start 5.7 -6.7) (end 5.7 6.7) (layer F.CrtYd) (width 0.05))
    (fp_line (start -5.7 -6.7) (end 5.7 -6.7) (layer F.CrtYd) (width 0.05))
    (fp_line (start -5 -6.53) (end 0 -6.53) (layer F.SilkS) (width 0.12))
    (fp_line (start -3 6.53) (end 3 6.53) (layer F.SilkS) (width 0.12))
    (fp_line (start -2.2 -5.4) (end -1.2 -6.4) (layer F.Fab) (width 0.1))
    (fp_line (start -2.2 6.4) (end -2.2 -5.4) (layer F.Fab) (width 0.1))
    (fp_line (start 2.2 6.4) (end -2.2 6.4) (layer F.Fab) (width 0.1))
    (fp_line (start 2.2 -6.4) (end 2.2 6.4) (layer F.Fab) (width 0.1))
    (fp_line (start -1.2 -6.4) (end 2.2 -6.4) (layer F.Fab) (width 0.1))
    (fp_text user %R (at 0 0 180) (layer F.Fab)
      (effects (font (size 1 1) (thickness 0.15)))
    )
    (pad 20 smd rect (at 4.875 -5.715 180) (size 1.75 0.6) (layers F.Cu F.Paste F.Mask)
      (net 17 "Net-(IC1-Pad20)"))
    (pad 19 smd rect (at 4.875 -4.445 180) (size 1.75 0.6) (layers F.Cu F.Paste F.Mask)
      (net 16 "Net-(IC1-Pad19)"))
    (pad 18 smd rect (at 4.875 -3.175 180) (size 1.75 0.6) (layers F.Cu F.Paste F.Mask)
      (net 15 "Net-(IC1-Pad18)"))
    (pad 17 smd rect (at 4.875 -1.905 180) (size 1.75 0.6) (layers F.Cu F.Paste F.Mask)
      (net 14 "Net-(IC1-Pad17)"))
    (pad 16 smd rect (at 4.875 -0.635 180) (size 1.75 0.6) (layers F.Cu F.Paste F.Mask)
      (net 23 GND))
    (pad 15 smd rect (at 4.875 0.635 180) (size 1.75 0.6) (layers F.Cu F.Paste F.Mask)
      (net 22 VCC))
    (pad 14 smd rect (at 4.875 1.905 180) (size 1.75 0.6) (layers F.Cu F.Paste F.Mask)
      (net 1 "Net-(D1-Pad1)"))
    (pad 13 smd rect (at 4.875 3.175 180) (size 1.75 0.6) (layers F.Cu F.Paste F.Mask)
      (net 3 "Net-(D10-Pad1)"))
    (pad 12 smd rect (at 4.875 4.445 180) (size 1.75 0.6) (layers F.Cu F.Paste F.Mask)
      (net 4 "Net-(D11-Pad1)"))
    (pad 11 smd rect (at 4.875 5.715 180) (size 1.75 0.6) (layers F.Cu F.Paste F.Mask)
      (net 5 "Net-(D12-Pad1)"))
    (pad 10 smd rect (at -4.875 5.715 180) (size 1.75 0.6) (layers F.Cu F.Paste F.Mask)
      (net 21 "Net-(IC1-Pad10)"))
    (pad 9 smd rect (at -4.875 4.445 180) (size 1.75 0.6) (layers F.Cu F.Paste F.Mask)
      (net 20 "Net-(IC1-Pad9)"))
    (pad 8 smd rect (at -4.875 3.175 180) (size 1.75 0.6) (layers F.Cu F.Paste F.Mask)
      (net 8 "Net-(D15-Pad1)"))
    (pad 7 smd rect (at -4.875 1.905 180) (size 1.75 0.6) (layers F.Cu F.Paste F.Mask)
      (net 7 "Net-(D14-Pad1)"))
    (pad 1 smd rect (at -4.875 -5.715 180) (size 1.75 0.6) (layers F.Cu F.Paste F.Mask)
      (net 18 "Net-(IC1-Pad1)"))
    (pad 2 smd rect (at -4.875 -4.445 180) (size 1.75 0.6) (layers F.Cu F.Paste F.Mask)
      (net 19 "Net-(IC1-Pad2)"))
    (pad 3 smd rect (at -4.875 -3.175 180) (size 1.75 0.6) (layers F.Cu F.Paste F.Mask)
      (net 9 "Net-(D16-Pad1)"))
    (pad 4 smd rect (at -4.875 -1.905 180) (size 1.75 0.6) (layers F.Cu F.Paste F.Mask)
      (net 6 "Net-(D13-Pad1)"))
    (pad 5 smd rect (at -4.875 -0.635 180) (size 1.75 0.6) (layers F.Cu F.Paste F.Mask)
      (net 22 VCC))
    (pad 6 smd rect (at -4.875 0.635 180) (size 1.75 0.6) (layers F.Cu F.Paste F.Mask)
      (net 23 GND))
    (model ${KISYS3DMOD}/Package_SO.3dshapes/SO-20_12.8x7.5mm_P1.27mm.wrl
      (at (xyz 0 0 0))
      (scale (xyz 1 1 1))
      (rotate (xyz 0 0 0))
    )
  )

  (module Connector_PinSocket_2.54mm:PinSocket_1x02_P2.54mm_Horizontal (layer F.Cu) (tedit 5A19A41B) (tstamp 5F8FFA7B)
    (at 75.96 52.16 270)
    (descr "Through hole angled socket strip, 1x02, 2.54mm pitch, 8.51mm socket length, single row (from Kicad 4.0.7), script generated")
    (tags "Through hole angled socket strip THT 1x02 2.54mm single row")
    (path /545FED02)
    (fp_text reference P2 (at -4.38 -2.77 90) (layer F.SilkS)
      (effects (font (size 1 1) (thickness 0.15)))
    )
    (fp_text value CONN_2 (at -4.38 5.31 90) (layer F.Fab)
      (effects (font (size 1 1) (thickness 0.15)))
    )
    (fp_line (start 1.75 4.35) (end 1.75 -1.75) (layer F.CrtYd) (width 0.05))
    (fp_line (start -10.55 4.35) (end 1.75 4.35) (layer F.CrtYd) (width 0.05))
    (fp_line (start -10.55 -1.75) (end -10.55 4.35) (layer F.CrtYd) (width 0.05))
    (fp_line (start 1.75 -1.75) (end -10.55 -1.75) (layer F.CrtYd) (width 0.05))
    (fp_line (start 0 -1.33) (end 1.11 -1.33) (layer F.SilkS) (width 0.12))
    (fp_line (start 1.11 -1.33) (end 1.11 0) (layer F.SilkS) (width 0.12))
    (fp_line (start -10.09 -1.33) (end -10.09 3.87) (layer F.SilkS) (width 0.12))
    (fp_line (start -10.09 3.87) (end -1.46 3.87) (layer F.SilkS) (width 0.12))
    (fp_line (start -1.46 -1.33) (end -1.46 3.87) (layer F.SilkS) (width 0.12))
    (fp_line (start -10.09 -1.33) (end -1.46 -1.33) (layer F.SilkS) (width 0.12))
    (fp_line (start -10.09 1.27) (end -1.46 1.27) (layer F.SilkS) (width 0.12))
    (fp_line (start -1.46 2.9) (end -1.05 2.9) (layer F.SilkS) (width 0.12))
    (fp_line (start -1.46 2.18) (end -1.05 2.18) (layer F.SilkS) (width 0.12))
    (fp_line (start -1.46 0.36) (end -1.11 0.36) (layer F.SilkS) (width 0.12))
    (fp_line (start -1.46 -0.36) (end -1.11 -0.36) (layer F.SilkS) (width 0.12))
    (fp_line (start -10.09 1.1519) (end -1.46 1.1519) (layer F.SilkS) (width 0.12))
    (fp_line (start -10.09 1.033805) (end -1.46 1.033805) (layer F.SilkS) (width 0.12))
    (fp_line (start -10.09 0.91571) (end -1.46 0.91571) (layer F.SilkS) (width 0.12))
    (fp_line (start -10.09 0.797615) (end -1.46 0.797615) (layer F.SilkS) (width 0.12))
    (fp_line (start -10.09 0.67952) (end -1.46 0.67952) (layer F.SilkS) (width 0.12))
    (fp_line (start -10.09 0.561425) (end -1.46 0.561425) (layer F.SilkS) (width 0.12))
    (fp_line (start -10.09 0.44333) (end -1.46 0.44333) (layer F.SilkS) (width 0.12))
    (fp_line (start -10.09 0.325235) (end -1.46 0.325235) (layer F.SilkS) (width 0.12))
    (fp_line (start -10.09 0.20714) (end -1.46 0.20714) (layer F.SilkS) (width 0.12))
    (fp_line (start -10.09 0.089045) (end -1.46 0.089045) (layer F.SilkS) (width 0.12))
    (fp_line (start -10.09 -0.02905) (end -1.46 -0.02905) (layer F.SilkS) (width 0.12))
    (fp_line (start -10.09 -0.147145) (end -1.46 -0.147145) (layer F.SilkS) (width 0.12))
    (fp_line (start -10.09 -0.26524) (end -1.46 -0.26524) (layer F.SilkS) (width 0.12))
    (fp_line (start -10.09 -0.383335) (end -1.46 -0.383335) (layer F.SilkS) (width 0.12))
    (fp_line (start -10.09 -0.50143) (end -1.46 -0.50143) (layer F.SilkS) (width 0.12))
    (fp_line (start -10.09 -0.619525) (end -1.46 -0.619525) (layer F.SilkS) (width 0.12))
    (fp_line (start -10.09 -0.73762) (end -1.46 -0.73762) (layer F.SilkS) (width 0.12))
    (fp_line (start -10.09 -0.855715) (end -1.46 -0.855715) (layer F.SilkS) (width 0.12))
    (fp_line (start -10.09 -0.97381) (end -1.46 -0.97381) (layer F.SilkS) (width 0.12))
    (fp_line (start -10.09 -1.091905) (end -1.46 -1.091905) (layer F.SilkS) (width 0.12))
    (fp_line (start -10.09 -1.21) (end -1.46 -1.21) (layer F.SilkS) (width 0.12))
    (fp_line (start 0 2.84) (end 0 2.24) (layer F.Fab) (width 0.1))
    (fp_line (start -1.52 2.84) (end 0 2.84) (layer F.Fab) (width 0.1))
    (fp_line (start 0 2.24) (end -1.52 2.24) (layer F.Fab) (width 0.1))
    (fp_line (start 0 0.3) (end 0 -0.3) (layer F.Fab) (width 0.1))
    (fp_line (start -1.52 0.3) (end 0 0.3) (layer F.Fab) (width 0.1))
    (fp_line (start 0 -0.3) (end -1.52 -0.3) (layer F.Fab) (width 0.1))
    (fp_line (start -10.03 3.81) (end -10.03 -1.27) (layer F.Fab) (width 0.1))
    (fp_line (start -1.52 3.81) (end -10.03 3.81) (layer F.Fab) (width 0.1))
    (fp_line (start -1.52 -0.3) (end -1.52 3.81) (layer F.Fab) (width 0.1))
    (fp_line (start -2.49 -1.27) (end -1.52 -0.3) (layer F.Fab) (width 0.1))
    (fp_line (start -10.03 -1.27) (end -2.49 -1.27) (layer F.Fab) (width 0.1))
    (fp_text user %R (at -5.775 1.27 90) (layer F.Fab)
      (effects (font (size 1 1) (thickness 0.15)))
    )
    (pad 1 thru_hole rect (at 0 0 270) (size 1.7 1.7) (drill 1) (layers *.Cu *.Mask)
      (net 23 GND))
    (pad 2 thru_hole oval (at 0 2.54 270) (size 1.7 1.7) (drill 1) (layers *.Cu *.Mask)
      (net 13 "Net-(F1-Pad2)"))
    (model ${KISYS3DMOD}/Connector_PinSocket_2.54mm.3dshapes/PinSocket_1x02_P2.54mm_Horizontal.wrl
      (at (xyz 0 0 0))
      (scale (xyz 1 1 1))
      (rotate (xyz 0 0 0))
    )
  )

  (module LED_THT:LED_D3.0mm (layer B.Cu) (tedit 587A3A7B) (tstamp 5F8FF80D)
    (at 49.784 73.406 180)
    (descr "LED, diameter 3.0mm, 2 pins")
    (tags "LED diameter 3.0mm 2 pins")
    (path /545FB610)
    (fp_text reference D5 (at 1.27 2.96) (layer B.SilkS)
      (effects (font (size 1 1) (thickness 0.15)) (justify mirror))
    )
    (fp_text value LED (at 1.27 -2.96) (layer B.Fab)
      (effects (font (size 1 1) (thickness 0.15)) (justify mirror))
    )
    (fp_line (start 3.7 2.25) (end -1.15 2.25) (layer B.CrtYd) (width 0.05))
    (fp_line (start 3.7 -2.25) (end 3.7 2.25) (layer B.CrtYd) (width 0.05))
    (fp_line (start -1.15 -2.25) (end 3.7 -2.25) (layer B.CrtYd) (width 0.05))
    (fp_line (start -1.15 2.25) (end -1.15 -2.25) (layer B.CrtYd) (width 0.05))
    (fp_line (start -0.29 -1.08) (end -0.29 -1.236) (layer B.SilkS) (width 0.12))
    (fp_line (start -0.29 1.236) (end -0.29 1.08) (layer B.SilkS) (width 0.12))
    (fp_line (start -0.23 1.16619) (end -0.23 -1.16619) (layer B.Fab) (width 0.1))
    (fp_circle (center 1.27 0) (end 2.77 0) (layer B.Fab) (width 0.1))
    (fp_arc (start 1.27 0) (end -0.23 1.16619) (angle -284.3) (layer B.Fab) (width 0.1))
    (fp_arc (start 1.27 0) (end -0.29 1.235516) (angle -108.8) (layer B.SilkS) (width 0.12))
    (fp_arc (start 1.27 0) (end -0.29 -1.235516) (angle 108.8) (layer B.SilkS) (width 0.12))
    (fp_arc (start 1.27 0) (end 0.229039 1.08) (angle -87.9) (layer B.SilkS) (width 0.12))
    (fp_arc (start 1.27 0) (end 0.229039 -1.08) (angle 87.9) (layer B.SilkS) (width 0.12))
    (pad 1 thru_hole rect (at 0 0 180) (size 1.8 1.8) (drill 0.9) (layers *.Cu *.Mask)
      (net 6 "Net-(D13-Pad1)"))
    (pad 2 thru_hole circle (at 2.54 0 180) (size 1.8 1.8) (drill 0.9) (layers *.Cu *.Mask)
      (net 2 "Net-(D1-Pad2)"))
    (model ${KISYS3DMOD}/LED_THT.3dshapes/LED_D3.0mm.wrl
      (at (xyz 0 0 0))
      (scale (xyz 1 1 1))
      (rotate (xyz 0 0 0))
    )
  )

  (module Capacitor_Tantalum_SMD:CP_EIA-6032-15_Kemet-U_Pad2.25x2.35mm_HandSolder (layer F.Cu) (tedit 5EBA9318) (tstamp 5F906500)
    (at 91.4 70.95 270)
    (descr "Tantalum Capacitor SMD Kemet-U (6032-15 Metric), IPC_7351 nominal, (Body size from: http://www.kemet.com/Lists/ProductCatalog/Attachments/253/KEM_TC101_STD.pdf), generated with kicad-footprint-generator")
    (tags "capacitor tantalum")
    (path /5460D4EF)
    (attr smd)
    (fp_text reference C1 (at 0 -2.55 90) (layer F.SilkS)
      (effects (font (size 1 1) (thickness 0.15)))
    )
    (fp_text value CP1 (at 0 2.55 90) (layer F.Fab)
      (effects (font (size 1 1) (thickness 0.15)))
    )
    (fp_line (start 3.92 1.85) (end -3.92 1.85) (layer F.CrtYd) (width 0.05))
    (fp_line (start 3.92 -1.85) (end 3.92 1.85) (layer F.CrtYd) (width 0.05))
    (fp_line (start -3.92 -1.85) (end 3.92 -1.85) (layer F.CrtYd) (width 0.05))
    (fp_line (start -3.92 1.85) (end -3.92 -1.85) (layer F.CrtYd) (width 0.05))
    (fp_line (start -3.935 1.71) (end 3 1.71) (layer F.SilkS) (width 0.12))
    (fp_line (start -3.935 -1.71) (end -3.935 1.71) (layer F.SilkS) (width 0.12))
    (fp_line (start 3 -1.71) (end -3.935 -1.71) (layer F.SilkS) (width 0.12))
    (fp_line (start 3 1.6) (end 3 -1.6) (layer F.Fab) (width 0.1))
    (fp_line (start -3 1.6) (end 3 1.6) (layer F.Fab) (width 0.1))
    (fp_line (start -3 -0.8) (end -3 1.6) (layer F.Fab) (width 0.1))
    (fp_line (start -2.2 -1.6) (end -3 -0.8) (layer F.Fab) (width 0.1))
    (fp_line (start 3 -1.6) (end -2.2 -1.6) (layer F.Fab) (width 0.1))
    (fp_text user %R (at 0 0 90) (layer F.Fab)
      (effects (font (size 1 1) (thickness 0.15)))
    )
    (pad 1 smd roundrect (at -2.55 0 270) (size 2.25 2.35) (layers F.Cu F.Paste F.Mask) (roundrect_rratio 0.111111)
      (net 22 VCC))
    (pad 2 smd roundrect (at 2.55 0 270) (size 2.25 2.35) (layers F.Cu F.Paste F.Mask) (roundrect_rratio 0.111111)
      (net 23 GND))
    (model ${KISYS3DMOD}/Capacitor_Tantalum_SMD.3dshapes/CP_EIA-6032-15_Kemet-U.wrl
      (at (xyz 0 0 0))
      (scale (xyz 1 1 1))
      (rotate (xyz 0 0 0))
    )
  )

  (module Resistor_SMD:R_0805_2012Metric_Pad1.20x1.40mm_HandSolder (layer F.Cu) (tedit 5F68FEEE) (tstamp 5F8FEA2A)
    (at 78.88 56.53 180)
    (descr "Resistor SMD 0805 (2012 Metric), square (rectangular) end terminal, IPC_7351 nominal with elongated pad for handsoldering. (Body size source: IPC-SM-782 page 72, https://www.pcb-3d.com/wordpress/wp-content/uploads/ipc-sm-782a_amendment_1_and_2.pdf), generated with kicad-footprint-generator")
    (tags "resistor handsolder")
    (path /5F924400)
    (attr smd)
    (fp_text reference F1 (at 0 -1.65) (layer F.SilkS)
      (effects (font (size 1 1) (thickness 0.15)))
    )
    (fp_text value Polyfuse (at 0 1.65) (layer F.Fab)
      (effects (font (size 1 1) (thickness 0.15)))
    )
    (fp_line (start 1.85 0.95) (end -1.85 0.95) (layer F.CrtYd) (width 0.05))
    (fp_line (start 1.85 -0.95) (end 1.85 0.95) (layer F.CrtYd) (width 0.05))
    (fp_line (start -1.85 -0.95) (end 1.85 -0.95) (layer F.CrtYd) (width 0.05))
    (fp_line (start -1.85 0.95) (end -1.85 -0.95) (layer F.CrtYd) (width 0.05))
    (fp_line (start -0.227064 0.735) (end 0.227064 0.735) (layer F.SilkS) (width 0.12))
    (fp_line (start -0.227064 -0.735) (end 0.227064 -0.735) (layer F.SilkS) (width 0.12))
    (fp_line (start 1 0.625) (end -1 0.625) (layer F.Fab) (width 0.1))
    (fp_line (start 1 -0.625) (end 1 0.625) (layer F.Fab) (width 0.1))
    (fp_line (start -1 -0.625) (end 1 -0.625) (layer F.Fab) (width 0.1))
    (fp_line (start -1 0.625) (end -1 -0.625) (layer F.Fab) (width 0.1))
    (fp_text user %R (at 0 0) (layer F.Fab)
      (effects (font (size 0.5 0.5) (thickness 0.08)))
    )
    (pad 1 smd roundrect (at -1 0 180) (size 1.2 1.4) (layers F.Cu F.Paste F.Mask) (roundrect_rratio 0.208333)
      (net 22 VCC))
    (pad 2 smd roundrect (at 1 0 180) (size 1.2 1.4) (layers F.Cu F.Paste F.Mask) (roundrect_rratio 0.208333)
      (net 13 "Net-(F1-Pad2)"))
    (model ${KISYS3DMOD}/Resistor_SMD.3dshapes/R_0805_2012Metric.wrl
      (at (xyz 0 0 0))
      (scale (xyz 1 1 1))
      (rotate (xyz 0 0 0))
    )
  )

  (module LED_THT:LED_D3.0mm (layer B.Cu) (tedit 587A3A7B) (tstamp 5F8FF81F)
    (at 52.46 78.87 180)
    (descr "LED, diameter 3.0mm, 2 pins")
    (tags "LED diameter 3.0mm 2 pins")
    (path /545FB678)
    (fp_text reference D6 (at 1.27 2.96) (layer B.SilkS)
      (effects (font (size 1 1) (thickness 0.15)) (justify mirror))
    )
    (fp_text value LED (at 1.27 -2.96) (layer B.Fab)
      (effects (font (size 1 1) (thickness 0.15)) (justify mirror))
    )
    (fp_circle (center 1.27 0) (end 2.77 0) (layer B.Fab) (width 0.1))
    (fp_line (start -0.23 1.16619) (end -0.23 -1.16619) (layer B.Fab) (width 0.1))
    (fp_line (start -0.29 1.236) (end -0.29 1.08) (layer B.SilkS) (width 0.12))
    (fp_line (start -0.29 -1.08) (end -0.29 -1.236) (layer B.SilkS) (width 0.12))
    (fp_line (start -1.15 2.25) (end -1.15 -2.25) (layer B.CrtYd) (width 0.05))
    (fp_line (start -1.15 -2.25) (end 3.7 -2.25) (layer B.CrtYd) (width 0.05))
    (fp_line (start 3.7 -2.25) (end 3.7 2.25) (layer B.CrtYd) (width 0.05))
    (fp_line (start 3.7 2.25) (end -1.15 2.25) (layer B.CrtYd) (width 0.05))
    (fp_arc (start 1.27 0) (end 0.229039 -1.08) (angle 87.9) (layer B.SilkS) (width 0.12))
    (fp_arc (start 1.27 0) (end 0.229039 1.08) (angle -87.9) (layer B.SilkS) (width 0.12))
    (fp_arc (start 1.27 0) (end -0.29 -1.235516) (angle 108.8) (layer B.SilkS) (width 0.12))
    (fp_arc (start 1.27 0) (end -0.29 1.235516) (angle -108.8) (layer B.SilkS) (width 0.12))
    (fp_arc (start 1.27 0) (end -0.23 1.16619) (angle -284.3) (layer B.Fab) (width 0.1))
    (pad 2 thru_hole circle (at 2.54 0 180) (size 1.8 1.8) (drill 0.9) (layers *.Cu *.Mask)
      (net 2 "Net-(D1-Pad2)"))
    (pad 1 thru_hole rect (at 0 0 180) (size 1.8 1.8) (drill 0.9) (layers *.Cu *.Mask)
      (net 7 "Net-(D14-Pad1)"))
    (model ${KISYS3DMOD}/LED_THT.3dshapes/LED_D3.0mm.wrl
      (at (xyz 0 0 0))
      (scale (xyz 1 1 1))
      (rotate (xyz 0 0 0))
    )
  )

  (module LED_THT:LED_D3.0mm (layer B.Cu) (tedit 587A3A7B) (tstamp 5F8FF831)
    (at 55.98 83.95 180)
    (descr "LED, diameter 3.0mm, 2 pins")
    (tags "LED diameter 3.0mm 2 pins")
    (path /545FB672)
    (fp_text reference D7 (at 1.27 2.96) (layer B.SilkS)
      (effects (font (size 1 1) (thickness 0.15)) (justify mirror))
    )
    (fp_text value LED (at 1.27 -2.96) (layer B.Fab)
      (effects (font (size 1 1) (thickness 0.15)) (justify mirror))
    )
    (fp_line (start 3.7 2.25) (end -1.15 2.25) (layer B.CrtYd) (width 0.05))
    (fp_line (start 3.7 -2.25) (end 3.7 2.25) (layer B.CrtYd) (width 0.05))
    (fp_line (start -1.15 -2.25) (end 3.7 -2.25) (layer B.CrtYd) (width 0.05))
    (fp_line (start -1.15 2.25) (end -1.15 -2.25) (layer B.CrtYd) (width 0.05))
    (fp_line (start -0.29 -1.08) (end -0.29 -1.236) (layer B.SilkS) (width 0.12))
    (fp_line (start -0.29 1.236) (end -0.29 1.08) (layer B.SilkS) (width 0.12))
    (fp_line (start -0.23 1.16619) (end -0.23 -1.16619) (layer B.Fab) (width 0.1))
    (fp_circle (center 1.27 0) (end 2.77 0) (layer B.Fab) (width 0.1))
    (fp_arc (start 1.27 0) (end -0.23 1.16619) (angle -284.3) (layer B.Fab) (width 0.1))
    (fp_arc (start 1.27 0) (end -0.29 1.235516) (angle -108.8) (layer B.SilkS) (width 0.12))
    (fp_arc (start 1.27 0) (end -0.29 -1.235516) (angle 108.8) (layer B.SilkS) (width 0.12))
    (fp_arc (start 1.27 0) (end 0.229039 1.08) (angle -87.9) (layer B.SilkS) (width 0.12))
    (fp_arc (start 1.27 0) (end 0.229039 -1.08) (angle 87.9) (layer B.SilkS) (width 0.12))
    (pad 1 thru_hole rect (at 0 0 180) (size 1.8 1.8) (drill 0.9) (layers *.Cu *.Mask)
      (net 8 "Net-(D15-Pad1)"))
    (pad 2 thru_hole circle (at 2.54 0 180) (size 1.8 1.8) (drill 0.9) (layers *.Cu *.Mask)
      (net 2 "Net-(D1-Pad2)"))
    (model ${KISYS3DMOD}/LED_THT.3dshapes/LED_D3.0mm.wrl
      (at (xyz 0 0 0))
      (scale (xyz 1 1 1))
      (rotate (xyz 0 0 0))
    )
  )

  (module LED_THT:LED_D3.0mm (layer B.Cu) (tedit 587A3A7B) (tstamp 5F8FF843)
    (at 59.27 88.99 180)
    (descr "LED, diameter 3.0mm, 2 pins")
    (tags "LED diameter 3.0mm 2 pins")
    (path /545FB66C)
    (fp_text reference D8 (at 1.27 2.96) (layer B.SilkS)
      (effects (font (size 1 1) (thickness 0.15)) (justify mirror))
    )
    (fp_text value LED (at 1.27 -2.96) (layer B.Fab)
      (effects (font (size 1 1) (thickness 0.15)) (justify mirror))
    )
    (fp_circle (center 1.27 0) (end 2.77 0) (layer B.Fab) (width 0.1))
    (fp_line (start -0.23 1.16619) (end -0.23 -1.16619) (layer B.Fab) (width 0.1))
    (fp_line (start -0.29 1.236) (end -0.29 1.08) (layer B.SilkS) (width 0.12))
    (fp_line (start -0.29 -1.08) (end -0.29 -1.236) (layer B.SilkS) (width 0.12))
    (fp_line (start -1.15 2.25) (end -1.15 -2.25) (layer B.CrtYd) (width 0.05))
    (fp_line (start -1.15 -2.25) (end 3.7 -2.25) (layer B.CrtYd) (width 0.05))
    (fp_line (start 3.7 -2.25) (end 3.7 2.25) (layer B.CrtYd) (width 0.05))
    (fp_line (start 3.7 2.25) (end -1.15 2.25) (layer B.CrtYd) (width 0.05))
    (fp_arc (start 1.27 0) (end 0.229039 -1.08) (angle 87.9) (layer B.SilkS) (width 0.12))
    (fp_arc (start 1.27 0) (end 0.229039 1.08) (angle -87.9) (layer B.SilkS) (width 0.12))
    (fp_arc (start 1.27 0) (end -0.29 -1.235516) (angle 108.8) (layer B.SilkS) (width 0.12))
    (fp_arc (start 1.27 0) (end -0.29 1.235516) (angle -108.8) (layer B.SilkS) (width 0.12))
    (fp_arc (start 1.27 0) (end -0.23 1.16619) (angle -284.3) (layer B.Fab) (width 0.1))
    (pad 2 thru_hole circle (at 2.54 0 180) (size 1.8 1.8) (drill 0.9) (layers *.Cu *.Mask)
      (net 2 "Net-(D1-Pad2)"))
    (pad 1 thru_hole rect (at 0 0 180) (size 1.8 1.8) (drill 0.9) (layers *.Cu *.Mask)
      (net 9 "Net-(D16-Pad1)"))
    (model ${KISYS3DMOD}/LED_THT.3dshapes/LED_D3.0mm.wrl
      (at (xyz 0 0 0))
      (scale (xyz 1 1 1))
      (rotate (xyz 0 0 0))
    )
  )

  (module LED_THT:LED_D3.0mm (layer B.Cu) (tedit 587A3A7B) (tstamp 5F8FF855)
    (at 62.32 93.74 180)
    (descr "LED, diameter 3.0mm, 2 pins")
    (tags "LED diameter 3.0mm 2 pins")
    (path /545FB6B5)
    (fp_text reference D9 (at 1.27 2.96) (layer B.SilkS)
      (effects (font (size 1 1) (thickness 0.15)) (justify mirror))
    )
    (fp_text value LED (at 1.27 -2.96) (layer B.Fab)
      (effects (font (size 1 1) (thickness 0.15)) (justify mirror))
    )
    (fp_circle (center 1.27 0) (end 2.77 0) (layer B.Fab) (width 0.1))
    (fp_line (start -0.23 1.16619) (end -0.23 -1.16619) (layer B.Fab) (width 0.1))
    (fp_line (start -0.29 1.236) (end -0.29 1.08) (layer B.SilkS) (width 0.12))
    (fp_line (start -0.29 -1.08) (end -0.29 -1.236) (layer B.SilkS) (width 0.12))
    (fp_line (start -1.15 2.25) (end -1.15 -2.25) (layer B.CrtYd) (width 0.05))
    (fp_line (start -1.15 -2.25) (end 3.7 -2.25) (layer B.CrtYd) (width 0.05))
    (fp_line (start 3.7 -2.25) (end 3.7 2.25) (layer B.CrtYd) (width 0.05))
    (fp_line (start 3.7 2.25) (end -1.15 2.25) (layer B.CrtYd) (width 0.05))
    (fp_arc (start 1.27 0) (end 0.229039 -1.08) (angle 87.9) (layer B.SilkS) (width 0.12))
    (fp_arc (start 1.27 0) (end 0.229039 1.08) (angle -87.9) (layer B.SilkS) (width 0.12))
    (fp_arc (start 1.27 0) (end -0.29 -1.235516) (angle 108.8) (layer B.SilkS) (width 0.12))
    (fp_arc (start 1.27 0) (end -0.29 1.235516) (angle -108.8) (layer B.SilkS) (width 0.12))
    (fp_arc (start 1.27 0) (end -0.23 1.16619) (angle -284.3) (layer B.Fab) (width 0.1))
    (pad 2 thru_hole circle (at 2.54 0 180) (size 1.8 1.8) (drill 0.9) (layers *.Cu *.Mask)
      (net 10 "Net-(D10-Pad2)"))
    (pad 1 thru_hole rect (at 0 0 180) (size 1.8 1.8) (drill 0.9) (layers *.Cu *.Mask)
      (net 1 "Net-(D1-Pad1)"))
    (model ${KISYS3DMOD}/LED_THT.3dshapes/LED_D3.0mm.wrl
      (at (xyz 0 0 0))
      (scale (xyz 1 1 1))
      (rotate (xyz 0 0 0))
    )
  )

  (module LED_THT:LED_D3.0mm (layer B.Cu) (tedit 587A3A7B) (tstamp 5F8FF867)
    (at 65.58 94.94 90)
    (descr "LED, diameter 3.0mm, 2 pins")
    (tags "LED diameter 3.0mm 2 pins")
    (path /545FB6AF)
    (fp_text reference D10 (at 1.27 2.96 90) (layer B.SilkS)
      (effects (font (size 1 1) (thickness 0.15)) (justify mirror))
    )
    (fp_text value LED (at 1.27 -2.96 90) (layer B.Fab)
      (effects (font (size 1 1) (thickness 0.15)) (justify mirror))
    )
    (fp_line (start 3.7 2.25) (end -1.15 2.25) (layer B.CrtYd) (width 0.05))
    (fp_line (start 3.7 -2.25) (end 3.7 2.25) (layer B.CrtYd) (width 0.05))
    (fp_line (start -1.15 -2.25) (end 3.7 -2.25) (layer B.CrtYd) (width 0.05))
    (fp_line (start -1.15 2.25) (end -1.15 -2.25) (layer B.CrtYd) (width 0.05))
    (fp_line (start -0.29 -1.08) (end -0.29 -1.236) (layer B.SilkS) (width 0.12))
    (fp_line (start -0.29 1.236) (end -0.29 1.08) (layer B.SilkS) (width 0.12))
    (fp_line (start -0.23 1.16619) (end -0.23 -1.16619) (layer B.Fab) (width 0.1))
    (fp_circle (center 1.27 0) (end 2.77 0) (layer B.Fab) (width 0.1))
    (fp_arc (start 1.27 0) (end -0.23 1.16619) (angle -284.3) (layer B.Fab) (width 0.1))
    (fp_arc (start 1.27 0) (end -0.29 1.235516) (angle -108.8) (layer B.SilkS) (width 0.12))
    (fp_arc (start 1.27 0) (end -0.29 -1.235516) (angle 108.8) (layer B.SilkS) (width 0.12))
    (fp_arc (start 1.27 0) (end 0.229039 1.08) (angle -87.9) (layer B.SilkS) (width 0.12))
    (fp_arc (start 1.27 0) (end 0.229039 -1.08) (angle 87.9) (layer B.SilkS) (width 0.12))
